0.017743,0.40085,0.31614,0.34037,0.51629,0.29275,0.41309,0.063699,0.4404,0.18915,0.21058,0.10587,0.19887,0.30447,0.19915,0.12954,0.11906,0.032643,0.077844,0.16021,0.18436,0.010733,0.19913,0.13098,0.16067,0.033468,0.084111,0.030327,0.05112,0.10149,0.15896,0.046568,0.21534,0.032974,0.12269,0.07075,0.087723,0.029838,0.082388,0.07427,0.12601,0.10682,0.17474,0.055609,0.16875,0.091139,0.032242,0.12084,0.059374,0.14589,0.1174,0.068907,0.21206,0.074199,0.036728,0.12353,0.099261,0.18576,0.093263,0.03465,0.25847,0.072434,0.057826,0.14112,0.16144,0.15209,0.038724,0.043672,0.29531,0.089851,0.061631,0.2095,0.23775,0.20201,0.23055,0.24517,-1
0.23406,0.57763,0.24096,0.26838,0.22526,0.07622,0.53262,0.201,0.49159,0.13583,0.26874,0.076279,0.25272,0.17146,0.19709,0.10342,0.15114,0.12354,0.13789,0.057279,0.18621,0.13409,0.084139,0.11695,0.17591,0.090384,0.057184,0.18922,0.0215,0.082291,0.079359,0.18045,0.01621,0.11507,0.10392,0.17428,0.05997,0.095186,0.10814,0.11583,0.060398,0.13115,0.1211,0.013383,0.095316,0.071855,0.03581,0.016777,0.057486,0.079062,0.044106,0.035495,0.16395,0.068271,0.046679,0.042872,0.086517,0.060918,0.11045,0.044649,0.105,0.12542,0.061021,0.019526,0.1411,0.078606,0.077149,0.11299,0.10769,0.23624,0.22022,0.18993,0.27932,0.24837,0.18661,0.12079,-1
0.17554,0.36246,0.1629,0.20213,0.16612,0.20367,0.6954,0.11783,0.30752,0.21389,0.27936,0.30705,0.27968,0.51446,0.10726,0.13097,0.20807,0.22985,0.27146,0.092482,0.10394,0.036717,0.085227,0.24695,0.16875,0.17849,0.14071,0.19318,0.026454,0.049896,0.066588,0.035805,0.08085,0.006448,0.10996,0.10859,0.09349,0.045574,0.11026,0.11506,0.12583,0.10377,0.09695,0.072844,0.12206,0.11744,0.10726,0.11254,0.10836,0.11048,0.060615,0.093813,0.055391,0.06651,0.074782,0.047954,0.1539,0.14499,0.13835,0.079393,0.061125,0.070257,0.069428,0.072772,0.13772,0.11153,0.1746,0.17014,0.261,0.15287,0.10339,0.15051,0.14933,0.11761,0.15232,0.012618,-1
0.20213,0.42927,0.11607,0.15271,0.25892,0.20428,0.68741,0.24801,0.40113,0.31569,0.14173,0.19748,0.23252,0.50004,0.13334,0.072396,0.33963,0.15631,0.071711,0.089332,0.090677,0.10866,0.090951,0.25667,0.067761,0.23257,0.21979,0.18009,0.026677,0.050824,0.13884,0.14132,0.12514,0.16653,0.10647,0.20424,0.13188,0.038203,0.10887,0.15649,0.18033,0.086552,0.20067,0.16244,0.040708,0.029041,0.052099,0.11902,0.049057,0.10463,0.083446,0.058505,0.049909,0.079569,0.10447,0.090225,0.1523,0.14966,0.10082,0.083248,0.18526,0.12226,0.056352,0.056727,0.15539,0.16525,0.11738,0.065591,0.24192,0.11898,0.065752,0.073967,0.19458,0.066543,0.048081,0.066941,-1
0.13846,0.51746,0.13812,0.20253,0.23278,0.19634,0.70683,0.092649,0.57735,0.22237,0.24387,0.16414,0.078774,0.56481,0.15584,0.10524,0.248,0.25333,0.029985,0.10382,0.0912,0.090276,0.059586,0.24273,0.1109,0.13728,0.075698,0.10163,0.088663,0.10035,0.11647,0.07198,0.088786,0.074165,0.098408,0.061148,0.048841,0.066555,0.062149,0.11157,0.072254,0.063594,0.021902,0.038991,0.098449,0.11898,0.090803,0.12759,0.08309,0.10887,0.10286,0.079417,0.11603,0.10872,0.12759,0.098252,0.15773,0.11741,0.14603,0.099708,0.11514,0.12884,0.095711,0.11581,0.11622,0.17184,0.13728,0.1075,0.19908,0.15962,0.15006,0.050171,0.24991,0.10869,0.13163,0.12992,-1
0.076417,0.49417,0.11321,0.20399,0.23014,0.20585,0.65713,0.13014,0.51785,0.32349,0.26786,0.10858,0.11218,0.3965,0.18131,0.065566,0.22331,0.2119,0.12947,0.15495,0.22914,0.16513,0.088681,0.12196,0.10834,0.14191,0.10644,0.13402,0.15821,0.21125,0.14358,0.17682,0.028869,0.11422,0.0415,0.096947,0.1335,0.10291,0.13444,0.14577,0.211,0.072106,0.051812,0.11756,0.16279,0.11485,0.1344,0.10039,0.1063,0.015026,0.03918,0.12339,0.16372,0.19085,0.072734,0.14892,0.098233,0.086684,0.1312,0.053023,0.30038,0.12349,0.11893,0.13907,0.13682,0.14585,0.11502,0.081884,0.25927,0.095511,0.14738,0.072578,0.27647,0.038744,0.027366,0.089527,-1
0.2811,0.3286,0.073819,0.13075,0.13861,0.31448,0.67784,0.16868,0.42175,0.19297,0.075188,0.24045,0.25293,0.46974,0.11721,0.12295,0.10825,0.03663,0.21181,0.13704,0.17218,0.029715,0.065494,0.03912,0.21482,0.083263,0.13847,0.13617,0.057049,0.067445,0.20801,0.096344,0.081663,0.13345,0.16087,0.05857,0.14423,0.093824,0.11072,0.13535,0.1154,0.061034,0.047815,0.07817,0.1655,0.080535,0.027225,0.086636,0.089008,0.13164,0.07857,0.030189,0.15421,0.060255,0.074372,0.085066,0.084076,0.095614,0.063493,0.05294,0.17805,0.073719,0.092511,0.13673,0.14425,0.13586,0.005987,0.10303,0.075424,0.16131,0.15348,0.10569,0.21548,0.1945,0.1949,0.021417,-1
0.05845,0.1849,0.25383,0.18069,0.14763,0.18747,0.67367,0.11347,0.15979,0.16812,0.28906,0.38384,0.13193,0.44955,0.1353,0.10744,0.05526,0.13444,0.41075,0.1757,0.18179,0.029905,0.07272,0.11741,0.11561,0.21025,0.22812,0.17508,0.043249,0.07879,0.060797,0.094853,0.050906,0.20978,0.19487,0.18215,0.077675,0.14646,0.16291,0.073844,0.12356,0.080213,0.11553,0.042881,0.08468,0.067005,0.038935,0.10264,0.14141,0.10839,0.070818,0.065807,0.12462,0.044939,0.073641,0.04543,0.17781,0.10899,0.045385,0.10256,0.11079,0.08909,0.036203,0.086607,0.15937,0.1517,0.085011,0.076566,0.2263,0.14521,0.061221,0.12878,0.09357,0.20408,0.12922,0.17263,-1
0.030697,0.32372,0.33453,0.1554,0.23693,0.26747,0.62369,0.061547,0.31067,0.13487,0.31649,0.43826,0.13357,0.34752,0.061386,0.062644,0.16768,0.2368,0.44011,0.20978,0.1485,0.15216,0.21749,0.28265,0.10922,0.09117,0.052824,0.049244,0.10172,0.15341,0.17463,0.17706,0.032934,0.12565,0.11987,0.029265,0.10015,0.11939,0.1551,0.15931,0.0912,0.10873,0.14849,0.084367,0.13052,0.084369,0.04258,0.052365,0.12201,0.11456,0.10192,0.10226,0.13257,0.14647,0.072859,0.041529,0.086464,0.13276,0.12355,0.10856,0.17439,0.11473,0.12913,0.06045,0.14464,0.10658,0.14969,0.11956,0.23777,0.13685,0.1029,0.058251,0.23936,0.17718,0.060136,0.1248,-1
0.20174,0.5107,0.13941,0.27784,0.28071,0.20398,0.67072,0.20699,0.48269,0.3234,0.26555,0.25176,0.12343,0.4379,0.092575,0.043169,0.32658,0.22009,0.10433,0.14249,0.29034,0.052428,0.093102,0.2107,0.11105,0.15482,0.23141,0.30662,0.076556,0.077716,0.17962,0.12217,0.008126,0.18092,0.033553,0.21996,0.11793,0.29104,0.1399,0.091313,0.054349,0.11194,0.12908,0.10619,0.037855,0.098109,0.010303,0.11029,0.15941,0.044806,0.11609,0.050026,0.13417,0.1029,0.10668,0.11711,0.095874,0.071008,0.10237,0.071775,0.20968,0.078615,0.18443,0.086931,0.086515,0.094488,0.048737,0.14486,0.17244,0.18697,0.17633,0.076966,0.2068,0.10489,0.072027,0.13212,-1
0.11453,0.14554,0.16067,0.16781,0.22645,0.15033,0.62519,0.19027,0.15328,0.13276,0.28674,0.33487,0.26822,0.37148,0.077094,0.083702,0.081769,0.045332,0.26494,0.17446,0.18896,0.14429,0.060711,0.035449,0.080873,0.10984,0.10743,0.16309,0.096871,0.14874,0.090544,0.09697,0.064694,0.090146,0.096829,0.14982,0.12224,0.11226,0.11651,0.099341,0.079425,0.03136,0.028511,0.009961,0.078931,0.099202,0.09994,0.056591,0.092835,0.11252,0.12624,0.073881,0.14699,0.095872,0.098394,0.03866,0.12432,0.080968,0.096546,0.069434,0.19612,0.079595,0.065677,0.087341,0.055224,0.072561,0.1143,0.16073,0.2349,0.20618,0.16556,0.14435,0.21635,0.2419,0.16085,0.10249,-1
0.17956,0.3159,0.085735,0.13368,0.090419,0.12185,0.75094,0.21153,0.31519,0.082879,0.16574,0.13686,0.12051,0.6358,0.1033,0.19517,0.17597,0.17638,0.10617,0.15096,0.10411,0.12232,0.17978,0.18503,0.093244,0.067749,0.098104,0.06482,0.10242,0.061822,0.087079,0.090009,0.012101,0.037282,0.10941,0.084898,0.063782,0.054397,0.082694,0.10464,0.057478,0.082929,0.055595,0.060481,0.083506,0.061404,0.034989,0.051058,0.058856,0.063759,0.1094,0.10366,0.065038,0.12018,0.12891,0.077677,0.14132,0.11215,0.085189,0.018099,0.14206,0.043848,0.093507,0.068438,0.11262,0.065996,0.11143,0.15951,0.15881,0.16662,0.12893,0.18296,0.17011,0.22393,0.14005,0.062894,-1
0.15957,0.54728,0.12173,0.28927,0.15689,0.16465,0.67589,0.16058,0.6065,0.22318,0.22378,0.010341,0.042867,0.41866,0.18595,0.19062,0.2223,0.17055,0.1881,0.082844,0.026907,0.18545,0.20821,0.1256,0.1173,0.14243,0.064395,0.015833,0.20121,0.10402,0.15778,0.10952,0.15731,0.097608,0.022592,0.038714,0.070128,0.17626,0.13115,0.081673,0.064219,0.046896,0.032056,0.064753,0.12382,0.13275,0.13408,0.069002,0.061358,0.078911,0.10361,0.058101,0.12813,0.14107,0.12423,0.10882,0.13316,0.15346,0.11649,0.066977,0.056128,0.097708,0.089793,0.045598,0.12656,0.13155,0.16253,0.074247,0.21683,0.14429,0.12662,0.10488,0.18295,0.10021,0.044129,0.07751,-1
0.15608,0.47722,0.13102,0.21884,0.18001,0.14427,0.66258,0.21006,0.41159,0.16788,0.3207,0.19013,0.081138,0.45836,0.13142,0.18861,0.13933,0.34728,0.18055,0.18037,0.12415,0.062761,0.096557,0.086595,0.13958,0.14591,0.25287,0.16761,0.14998,0.061792,0.12058,0.067665,0.072937,0.21741,0.17674,0.15121,0.12939,0.095685,0.064704,0.1216,0.080365,0.17665,0.15629,0.14923,0.085886,0.10027,0.044108,0.0158,0.13291,0.07499,0.052034,0.10299,0.043761,0.062613,0.087272,0.054381,0.1753,0.1617,0.075716,0.041419,0.078271,0.07516,0.035783,0.080974,0.10285,0.10135,0.11183,0.13895,0.23196,0.18301,0.19076,0.14332,0.25783,0.12231,0.17773,0.12118,-1
0.1674,0.54584,0.050001,0.36228,0.2189,0.14744,0.64427,0.13382,0.50775,0.31324,0.23972,0.067486,0.023336,0.33088,0.16628,0.11678,0.3569,0.19485,0.1347,0.044728,0.18489,0.1071,0.12923,0.25055,0.14885,0.25364,0.14172,0.16487,0.10623,0.13001,0.016163,0.14733,0.25234,0.12415,0.069402,0.20269,0.092001,0.044012,0.09448,0.088196,0.11809,0.07088,0.23306,0.10326,0.066396,0.06522,0.044104,0.073745,0.14692,0.066294,0.068029,0.063779,0.048113,0.086486,0.060839,0.14514,0.094414,0.096978,0.11128,0.092235,0.17611,0.070999,0.13963,0.14642,0.086112,0.1531,0.10681,0.12125,0.18662,0.17294,0.13058,0.052384,0.21085,0.14493,0.095066,0.19562,-1
0.075659,0.18224,0.27447,0.20284,0.14584,0.17849,0.65391,0.17532,0.1113,0.19613,0.34067,0.36474,0.17743,0.42854,0.055162,0.042966,0.08401,0.21246,0.31485,0.17867,0.2156,0.12886,0.17927,0.11666,0.074976,0.1113,0.12147,0.16036,0.086094,0.15082,0.17311,0.1569,0.091028,0.093571,0.081414,0.071871,0.03919,0.10181,0.14405,0.1912,0.18683,0.12749,0.049968,0.043152,0.14511,0.13159,0.075341,0.075537,0.062485,0.025657,0.064311,0.0624,0.19814,0.098206,0.10369,0.066785,0.096924,0.065524,0.014576,0.090536,0.14838,0.10679,0.090041,0.082621,0.13619,0.10411,0.06258,0.061677,0.22403,0.14942,0.059276,0.092784,0.13561,0.21181,0.19942,0.061423,-1
0.21109,0.42301,0.13722,0.15622,0.22877,0.21387,0.66669,0.22418,0.42248,0.28848,0.20548,0.27653,0.26865,0.47257,0.12119,0.077721,0.25625,0.2195,0.20636,0.082888,0.11115,0.11236,0.14497,0.1891,0.10286,0.21589,0.14259,0.16221,0.15868,0.077889,0.10913,0.074437,0.088722,0.085567,0.19289,0.14232,0.12768,0.020513,0.14462,0.14674,0.089236,0.068073,0.087446,0.15687,0.089422,0.0525,0.020676,0.044295,0.088618,0.076865,0.077835,0.092485,0.066917,0.070524,0.13122,0.078625,0.13329,0.13496,0.10495,0.13428,0.15061,0.14448,0.1079,0.10969,0.14815,0.19801,0.14707,0.074877,0.25623,0.12121,0.098998,0.14898,0.22179,0.094484,0.097576,0.043835,-1
0.064635,0.43545,0.048945,0.23222,0.31386,0.22452,0.61711,0.10601,0.39937,0.37347,0.19395,0.18866,0.15374,0.25722,0.14914,0.11239,0.24382,0.19331,0.007691,0.11956,0.25344,0.20433,0.15473,0.028823,0.1411,0.039125,0.10515,0.20537,0.13067,0.070833,0.12642,0.25365,0.17786,0.022588,0.090798,0.06446,0.072775,0.12069,0.19304,0.032415,0.066866,0.19351,0.20213,0.056549,0.079083,0.10288,0.10401,0.087819,0.05831,0.03572,0.10423,0.056411,0.091625,0.14878,0.095427,0.14505,0.039956,0.13453,0.1294,0.017731,0.21334,0.13137,0.14338,0.071667,0.17705,0.17716,0.097029,0.082545,0.22604,0.090572,0.094266,0.081994,0.24937,0.043781,0.051603,0.17844,-1
0.049804,0.47729,0.17014,0.34265,0.32972,0.27752,0.51344,0.083667,0.42038,0.34884,0.15502,0.098385,0.14484,0.16375,0.07998,0.11065,0.21419,0.10515,0.1781,0.21842,0.21139,0.031335,0.031359,0.064186,0.17513,0.11962,0.16709,0.06495,0.12168,0.15058,0.1412,0.075649,0.066408,0.032763,0.16579,0.19518,0.090335,0.08614,0.077674,0.11667,0.085627,0.095976,0.036153,0.053107,0.19005,0.06033,0.073931,0.065706,0.058868,0.03572,0.085564,0.071668,0.19109,0.12057,0.087087,0.02482,0.097808,0.033314,0.086108,0.10946,0.19004,0.12904,0.10377,0.07085,0.14292,0.06915,0.058119,0.12101,0.12453,0.24592,0.11282,0.10946,0.30588,0.075835,0.13331,0.24766,-1
0.066032,0.29753,0.3421,0.21912,0.31609,0.36278,0.5036,0.21339,0.30637,0.019753,0.26311,0.44607,0.22642,0.21773,0.13026,0.18506,0.41285,0.12511,0.11789,0.13166,0.15698,0.093061,0.19146,0.29636,0.2142,0.22047,0.046242,0.24053,0.27768,0.014805,0.075413,0.149,0.14857,0.11485,0.15242,0.1093,0.21338,0.21221,0.072772,0.040221,0.020282,0.11844,0.13661,0.12655,0.030622,0.015311,0.080772,0.069865,0.14453,0.15718,0.068953,0.10203,0.064617,0.073855,0.10883,0.074772,0.12086,0.09704,0.1112,0.04412,0.080214,0.10315,0.13447,0.14765,0.18763,0.08443,0.095622,0.11788,0.21822,0.2089,0.084512,0.15644,0.23209,0.14913,0.13133,0.077261,-1
0.24286,0.48674,0.2029,0.16559,0.050657,0.21312,0.68158,0.14907,0.54692,0.11991,0.19078,0.073866,0.1614,0.40401,0.15277,0.063735,0.07143,0.26198,0.091376,0.10987,0.053954,0.16282,0.093549,0.044415,0.040739,0.14019,0.075416,0.054245,0.16189,0.10244,0.13465,0.020546,0.12884,0.072854,0.13589,0.061377,0.11199,0.11062,0.058281,0.10248,0.081613,0.15051,0.010502,0.10006,0.10436,0.060764,0.096273,0.088632,0.07566,0.095371,0.10531,0.081677,0.092341,0.13043,0.097669,0.094581,0.14069,0.095571,0.1024,0.068166,0.12946,0.098623,0.069708,0.065956,0.06802,0.13614,0.083951,0.099585,0.12042,0.13773,0.11721,0.15036,0.1807,0.12123,0.13399,0.15406,-1
0.11856,0.55004,0.04489,0.26683,0.16769,0.036855,0.63322,0.13845,0.58454,0.1928,0.19923,0.11623,0.16346,0.25374,0.099287,0.30499,0.095658,0.043397,0.12762,0.11636,0.09966,0.06269,0.2716,0.017919,0.21081,0.11138,0.11379,0.14623,0.062385,0.10059,0.1102,0.24648,0.045403,0.028911,0.067834,0.10855,0.13569,0.096502,0.19692,0.075074,0.1487,0.063896,0.11671,0.16312,0.068812,0.17011,0.12361,0.049568,0.10904,0.029659,0.036256,0.10702,0.14321,0.10356,0.047663,0.07642,0.089294,0.07471,0.13906,0.20651,0.068105,0.15482,0.10734,0.13332,0.08944,0.18105,0.18566,0.12073,0.27255,0.2031,0.11588,0.10051,0.21071,0.056536,0.010644,0.060547,-1
0.10852,0.15808,0.2777,0.12746,0.29481,0.3012,0.55117,0.071931,0.25871,0.060605,0.20745,0.48807,0.32015,0.20651,0.079291,0.083249,0.32505,0.093043,0.26838,0.19841,0.22588,0.072503,0.071296,0.33145,0.15739,0.17995,0.10198,0.083176,0.19104,0.14223,0.050249,0.16375,0.20175,0.16238,0.14529,0.13741,0.10816,0.17975,0.061822,0.060733,0.12982,0.1023,0.030951,0.070763,0.04917,0.063952,0.064215,0.095306,0.12397,0.17045,0.068393,0.004415,0.14058,0.08572,0.089697,0.043718,0.14723,0.03599,0.06097,0.043998,0.08735,0.092121,0.12141,0.11637,0.12302,0.080807,0.193,0.14715,0.27303,0.20321,0.10472,0.067201,0.22952,0.20237,0.17094,0.045297,-1
0.072563,0.48768,0.2295,0.17532,0.14212,0.1147,0.54841,0.033622,0.60094,0.14849,0.1007,0.21285,0.24573,0.090776,0.16223,0.087056,0.13603,0.13854,0.13217,0.12214,0.098346,0.1031,0.10834,0.1704,0.13774,0.14245,0.048439,0.068716,0.072043,0.13414,0.11373,0.082872,0.01135,0.002569,0.099264,0.12819,0.0689,0.023834,0.066392,0.11892,0.15149,0.040866,0.017326,0.05033,0.12075,0.052831,0.031512,0.076253,0.13876,0.086501,0.048503,0.071041,0.14422,0.093219,0.023283,0.037728,0.11413,0.076461,0.033748,0.039839,0.14107,0.1187,0.051811,0.078642,0.13352,0.093335,0.02379,0.024042,0.12771,0.10605,0.042127,0.034535,0.18172,0.14911,0.059429,0.086359,-1
0.054641,0.27799,0.3503,0.13083,0.22226,0.27926,0.6748,0.024621,0.26224,0.1299,0.24402,0.41758,0.2201,0.45117,0.070153,0.060365,0.073002,0.17483,0.39659,0.19425,0.2321,0.077697,0.094263,0.14769,0.016432,0.062008,0.14337,0.17177,0.039005,0.17065,0.11505,0.16327,0.13753,0.088049,0.10668,0.10833,0.09492,0.038352,0.14842,0.13165,0.15737,0.122,0.015909,0.024669,0.11741,0.15665,0.10431,0.078417,0.021706,0.068131,0.076069,0.060869,0.18179,0.14689,0.14774,0.065804,0.078265,0.075654,0.061656,0.12853,0.17197,0.17842,0.15507,0.056367,0.13312,0.040514,0.11716,0.12008,0.26171,0.20396,0.059487,0.11488,0.21507,0.13759,0.091579,0.046577,-1
0.2109,0.40969,0.12743,0.23059,0.26062,0.14311,0.60075,0.31852,0.36619,0.16398,0.13813,0.14077,0.21177,0.32922,0.10786,0.12069,0.18459,0.21006,0.063713,0.093542,0.050727,0.16901,0.069534,0.17155,0.076487,0.092481,0.045731,0.036223,0.146,0.10265,0.12638,0.021406,0.093884,0.06464,0.081752,0.071497,0.059129,0.13392,0.09459,0.039307,0.049003,0.053267,0.084321,0.084225,0.045982,0.10738,0.13296,0.072574,0.14147,0.10054,0.069656,0.010345,0.10972,0.033414,0.039021,0.032338,0.028259,0.033371,0.030641,0.10827,0.029936,0.049107,0.1067,0.1597,0.046239,0.19437,0.22128,0.14828,0.22255,0.2239,0.16589,0.10973,0.25713,0.16575,0.040844,0.021389,-1
0.20848,0.44543,0.14031,0.17271,0.044338,0.18558,0.70145,0.14904,0.53741,0.016638,0.13731,0.16586,0.16473,0.42709,0.051342,0.10645,0.10808,0.13078,0.25292,0.091261,0.081849,0.027326,0.090715,0.17885,0.11021,0.031381,0.087074,0.11854,0.11314,0.10404,0.044145,0.095467,0.060376,0.049273,0.080859,0.07311,0.099505,0.013596,0.089977,0.059222,0.085651,0.083078,0.064987,0.09638,0.0798,0.076511,0.071603,0.083445,0.090614,0.069606,0.098992,0.071749,0.084216,0.091837,0.086182,0.082309,0.072607,0.10064,0.077736,0.074437,0.079814,0.082064,0.088425,0.07056,0.10013,0.086155,0.11412,0.11315,0.13803,0.12841,0.14426,0.11381,0.19487,0.10434,0.1643,0.054568,-1
0.1711,0.51418,0.11357,0.3237,0.29301,0.11592,0.63663,0.18835,0.53768,0.34354,0.066617,0.099799,0.059092,0.30226,0.19059,0.066603,0.24001,0.12503,0.17751,0.12573,0.07208,0.19675,0.058539,0.07516,0.12033,0.13605,0.10963,0.052971,0.13359,0.01688,0.16653,0.10882,0.039807,0.098474,0.058691,0.13785,0.10648,0.088451,0.086055,0.050026,0.14728,0.030356,0.092301,0.11921,0.098961,0.13663,0.022019,0.14689,0.1495,0.090804,0.073506,0.1909,0.15899,0.10566,0.097375,0.13187,0.20312,0.14353,0.10536,0.14488,0.21233,0.054136,0.1419,0.15642,0.2028,0.050079,0.12565,0.095414,0.18494,0.11773,0.14534,0.17807,0.19399,0.12305,0.098337,0.11739,-1
0.065077,0.23211,0.32472,0.16556,0.32116,0.36916,0.53412,0.12225,0.33681,0.044766,0.1393,0.4896,0.33409,0.17614,0.092041,0.031747,0.38271,0.18544,0.20525,0.13438,0.2281,0.030506,0.069895,0.36295,0.11951,0.23841,0.12788,0.078624,0.22702,0.14117,0.053722,0.11758,0.22902,0.13689,0.1391,0.080478,0.085777,0.26806,0.14416,0.031484,0.13096,0.1017,0.089621,0.090631,0.056691,0.12835,0.12974,0.091263,0.13445,0.12477,0.005806,0.049044,0.13995,0.092879,0.078667,0.091734,0.08252,0.08075,0.072229,0.10024,0.073129,0.15427,0.21502,0.1233,0.16525,0.098819,0.14497,0.17104,0.26065,0.14942,0.13549,0.050199,0.27615,0.19841,0.12293,0.10327,-1
0.074527,0.30906,0.22176,0.18659,0.10155,0.029415,0.6689,0.17865,0.38845,0.087269,0.19392,0.16006,0.12702,0.39833,0.24786,0.20728,0.065715,0.13456,0.15625,0.08609,0.12929,0.20681,0.1063,0.037554,0.10446,0.088477,0.040142,0.022538,0.2234,0.17815,0.1806,0.066621,0.094373,0.034148,0.1048,0.13881,0.11313,0.12392,0.045226,0.13262,0.077858,0.027757,0.039424,0.15848,0.13447,0.052171,0.037986,0.050804,0.13617,0.07982,0.076596,0.089157,0.12987,0.069875,0.012659,0.017187,0.10251,0.061131,0.066806,0.063482,0.16967,0.12952,0.067431,0.077352,0.15753,0.040017,0.024096,0.032549,0.13148,0.11291,0.076593,0.15643,0.18024,0.24201,0.080539,0.18495,-1
0.099183,0.54046,0.14252,0.21205,0.065863,0.07084,0.5775,0.16106,0.59714,0.1647,0.21495,0.0558,0.27608,0.15396,0.18061,0.24287,0.18014,0.096217,0.099248,0.082645,0.15586,0.16287,0.10235,0.12074,0.12786,0.12603,0.023951,0.065568,0.14071,0.17951,0.20646,0.14411,0.11635,0.11318,0.10674,0.15871,0.13276,0.12601,0.072255,0.11919,0.094447,0.034571,0.077719,0.12804,0.10586,0.076747,0.058818,0.036453,0.092633,0.046812,0.051908,0.025519,0.1594,0.086769,0.057178,0.04799,0.1333,0.071637,0.074994,0.05652,0.10434,0.052146,0.0558,0.067694,0.17871,0.11164,0.082991,0.091798,0.21301,0.12698,0.099123,0.13927,0.18481,0.1424,0.12202,0.16044,-1
0.098542,0.47196,0.099751,0.15538,0.3194,0.17773,0.70522,0.1284,0.45298,0.26863,0.21867,0.169,0.035698,0.49616,0.097864,0.05455,0.21267,0.18273,0.055067,0.087371,0.21049,0.058323,0.14034,0.12434,0.12483,0.075923,0.08663,0.18025,0.025842,0.11678,0.052977,0.058761,0.096229,0.13178,0.039437,0.1124,0.12834,0.11353,0.035252,0.069495,0.065485,0.072855,0.09141,0.15242,0.068429,0.12294,0.049794,0.099628,0.10006,0.012009,0.064059,0.12314,0.12238,0.069697,0.12507,0.11538,0.007589,0.082688,0.15546,0.11288,0.08053,0.21171,0.14733,0.15302,0.24459,0.13003,0.20451,0.068594,0.12303,0.2965,0.087237,0.12434,0.37704,0.10582,0.13733,0.12064,-1
0.099682,0.51363,0.20917,0.44611,0.49737,0.1935,0.5593,0.16808,0.4381,0.31272,0.18745,0.30572,0.12709,0.21568,0.17324,0.13118,0.23314,0.23842,0.23908,0.12618,0.19233,0.12862,0.2357,0.096585,0.042661,0.22642,0.05271,0.23635,0.10627,0.087241,0.15146,0.047297,0.29268,0.053109,0.056158,0.10365,0.12837,0.22297,0.077277,0.087443,0.040472,0.14634,0.15532,0.12934,0.042057,0.048328,0.16154,0.21116,0.042573,0.12989,0.18845,0.23594,0.10458,0.12268,0.20823,0.15988,0.14234,0.18338,0.21974,0.14404,0.24666,0.23858,0.17281,0.14048,0.28856,0.13211,0.11347,0.016008,0.22215,0.15294,0.10752,0.077918,0.37899,0.19927,0.16953,0.13996,-1
0.14538,0.41826,0.13308,0.16947,0.0391,0.092612,0.71087,0.14752,0.44642,0.11035,0.22639,0.033892,0.061794,0.486,0.13674,0.23448,0.17425,0.29538,0.040397,0.090177,0.15744,0.13208,0.25726,0.11667,0.10058,0.027667,0.07432,0.091677,0.059031,0.14861,0.080614,0.15153,0.050547,0.10886,0.10862,0.071178,0.14001,0.090749,0.13949,0.040922,0.077621,0.028162,0.073995,0.12254,0.065073,0.034458,0.031148,0.032183,0.062112,0.094891,0.070848,0.097881,0.094532,0.12591,0.10099,0.07249,0.075356,0.087678,0.074503,0.025829,0.12097,0.078633,0.080986,0.076738,0.16556,0.090291,0.10043,0.082882,0.15997,0.10687,0.12796,0.13241,0.15257,0.1576,0.14047,0.038921,-1
0.15193,0.574,0.073903,0.35608,0.31421,0.13573,0.62833,0.098551,0.59284,0.31338,0.14379,0.027037,0.041101,0.28433,0.058355,0.073644,0.25482,0.076248,0.2053,0.085016,0.14557,0.093374,0.12686,0.099617,0.1679,0.11447,0.089046,0.049026,0.10227,0.048254,0.023718,0.093774,0.11086,0.080231,0.094027,0.070855,0.058196,0.02385,0.018325,0.097657,0.068706,0.052463,0.071928,0.071745,0.057548,0.063636,0.18085,0.10206,0.068286,0.17223,0.087297,0.080218,0.1444,0.14434,0.15204,0.18415,0.067551,0.11607,0.19723,0.066547,0.14511,0.26191,0.11559,0.17142,0.2603,0.14502,0.17061,0.057831,0.18518,0.24552,0.040309,0.076821,0.30391,0.19867,0.085505,0.12947,-1
0.16328,0.5065,0.17799,0.19649,0.29905,0.23111,0.67317,0.093611,0.51505,0.25129,0.27365,0.35546,0.17423,0.52429,0.07777,0.022573,0.21347,0.27035,0.23685,0.15436,0.22843,0.16344,0.20588,0.14105,0.043194,0.11122,0.12696,0.23412,0.16769,0.13537,0.11316,0.16164,0.080863,0.03036,0.093275,0.099518,0.14167,0.15092,0.21641,0.063397,0.094273,0.062461,0.038285,0.002459,0.087047,0.092097,0.11624,0.10055,0.050603,0.091461,0.07718,0.11813,0.097114,0.11088,0.12324,0.092914,0.075254,0.067747,0.10699,0.091659,0.16361,0.12286,0.10916,0.10394,0.053002,0.10586,0.10794,0.11108,0.19155,0.1722,0.14321,0.1276,0.2525,0.094971,0.14048,0.12478,-1
0.006276,0.35148,0.14666,0.13782,0.4317,0.14274,0.52064,0.19417,0.34126,0.20263,0.1225,0.20695,0.078761,0.39063,0.047107,0.07611,0.21351,0.12235,0.10997,0.12874,0.19018,0.10977,0.08313,0.13151,0.14173,0.088075,0.055126,0.17415,0.034017,0.13688,0.14668,0.020015,0.0548,0.091204,0.13427,0.030841,0.072042,0.11765,0.04262,0.092923,0.030133,0.062171,0.018838,0.081275,0.15801,0.086138,0.03929,0.095742,0.11627,0.056289,0.13926,0.094688,0.12745,0.10378,0.093252,0.14979,0.052529,0.10523,0.18487,0.073584,0.073167,0.26538,0.073725,0.1141,0.21083,0.13772,0.14118,0.06169,0.25282,0.27148,0.08095,0.1551,0.33863,0.10583,0.18174,0.15133,-1
0.10681,0.52677,0.086352,0.20494,0.21386,0.089448,0.46262,0.020217,0.57657,0.16243,0.092062,0.18325,0.097996,0.1172,0.10767,0.056882,0.17263,0.094445,0.17526,0.10912,0.080122,0.15066,0.1002,0.058486,0.15876,0.12966,0.10705,0.11082,0.075094,0.19956,0.16831,0.077104,0.069429,0.025155,0.21257,0.18228,0.055434,0.041422,0.009914,0.19996,0.16557,0.055429,0.032752,0.026556,0.14014,0.099417,0.10152,0.042903,0.18096,0.11028,0.091782,0.042171,0.19634,0.092758,0.040603,0.003257,0.17885,0.053009,0.009877,0.027283,0.13571,0.008621,0.043294,0.069325,0.088991,0.061472,0.082041,0.091647,0.078944,0.14921,0.098416,0.11546,0.079197,0.19402,0.050141,0.16931,-1
0.16235,0.54123,0.096123,0.2642,0.15441,0.16872,0.66382,0.11791,0.61071,0.2681,0.21208,0.049806,0.10965,0.37268,0.25445,0.12946,0.18405,0.12157,0.15017,0.075319,0.07859,0.18509,0.089422,0.01831,0.14377,0.14507,0.042124,0.04864,0.097956,0.19697,0.14789,0.092599,0.042526,0.07238,0.089922,0.061066,0.11193,0.093736,0.036319,0.10838,0.10151,0.051135,0.071696,0.044908,0.17487,0.12209,0.14386,0.089254,0.10663,0.041252,0.12034,0.033008,0.081935,0.14822,0.025118,0.11337,0.18351,0.16927,0.14657,0.090509,0.1571,0.03946,0.13409,0.063011,0.0906,0.1825,0.074283,0.13371,0.20143,0.21601,0.18212,0.072575,0.22051,0.057708,0.075454,0.096388,-1
0.16353,0.46277,0.23824,0.26435,0.18777,0.2677,0.67932,0.22637,0.40916,0.22207,0.19094,0.22296,0.27674,0.46525,0.17697,0.059242,0.27881,0.16203,0.1788,0.062611,0.094428,0.11972,0.020833,0.25806,0.035338,0.17152,0.054996,0.11486,0.04644,0.053938,0.13051,0.085839,0.14752,0.079337,0.052819,0.086034,0.011488,0.083149,0.082848,0.071231,0.10149,0.043236,0.087077,0.036346,0.10354,0.11175,0.08566,0.15408,0.05443,0.087482,0.019243,0.089701,0.12413,0.039784,0.15394,0.077964,0.18455,0.062435,0.14468,0.14735,0.10028,0.11734,0.019983,0.12044,0.077492,0.16586,0.15473,0.083611,0.21863,0.11288,0.20949,0.11797,0.22944,0.10526,0.072533,0.083258,-1
0.19067,0.541,0.16337,0.3511,0.27723,0.16752,0.66402,0.14296,0.54435,0.30596,0.18415,0.073366,0.047748,0.34498,0.15404,0.066457,0.29431,0.12188,0.14057,0.08714,0.16434,0.16067,0.089107,0.16311,0.25247,0.11359,0.12904,0.090605,0.14293,0.09982,0.035182,0.21221,0.089082,0.082338,0.15848,0.10785,0.11836,0.024446,0.11952,0.16201,0.1127,0.17355,0.043232,0.13003,0.061386,0.091356,0.056386,0.087598,0.14794,0.17161,0.044702,0.098234,0.12796,0.05438,0.1441,0.18266,0.020598,0.09863,0.15446,0.14097,0.11398,0.2259,0.1971,0.18745,0.1801,0.11859,0.16882,0.12499,0.14518,0.2731,0.12606,0.073121,0.25461,0.19777,0.10523,0.1242,-1
0.15215,0.49291,0.13144,0.19333,0.24656,0.2349,0.65919,0.17184,0.47015,0.23236,0.21977,0.25565,0.20794,0.49673,0.069851,0.10746,0.2535,0.20014,0.16862,0.099337,0.16877,0.17948,0.099994,0.19394,0.15382,0.22066,0.077403,0.18586,0.23707,0.1052,0.077283,0.077477,0.09688,0.065892,0.21508,0.088028,0.14463,0.13609,0.19809,0.05655,0.036007,0.13186,0.084414,0.074549,0.10145,0.15893,0.067158,0.045808,0.15893,0.116,0.02336,0.1045,0.10524,0.043207,0.06611,0.019962,0.10294,0.066146,0.15496,0.17425,0.12512,0.16623,0.094168,0.11621,0.073465,0.17357,0.2102,0.1,0.25941,0.16796,0.1227,0.10748,0.26105,0.11475,0.083499,0.090936,-1
0.1642,0.61609,0.03575,0.34916,0.051089,0.1538,0.54041,0.079329,0.70238,0.11128,0.13363,0.20621,0.13623,0.093889,0.16078,0.093684,0.12279,0.08031,0.13118,0.16994,0.054221,0.043681,0.057932,0.17028,0.13434,0.028723,0.049285,0.083779,0.14268,0.076182,0.04049,0.097654,0.046744,0.10556,0.025387,0.072113,0.098763,0.025582,0.062987,0.024028,0.086678,0.075592,0.012721,0.04737,0.043105,0.14592,0.14309,0.12787,0.096883,0.141,0.12633,0.12776,0.15004,0.12817,0.17104,0.085728,0.17479,0.15377,0.15246,0.091792,0.15135,0.19898,0.11267,0.088223,0.14539,0.20386,0.076437,0.062236,0.17856,0.14821,0.088951,0.088598,0.19685,0.064138,0.091399,0.09063,-1
0.12967,0.49382,0.077477,0.20893,0.22855,0.087741,0.66964,0.099195,0.53052,0.24505,0.2271,0.11872,0.1072,0.38401,0.16582,0.20264,0.27959,0.1834,0.063217,0.11734,0.16528,0.14305,0.16611,0.14945,0.12571,0.21088,0.081353,0.14988,0.065243,0.15521,0.11358,0.17357,0.25609,0.051664,0.073637,0.050541,0.19561,0.09841,0.088534,0.00813,0.14663,0.14306,0.15461,0.12842,0.047466,0.04412,0.086256,0.0925,0.058015,0.10838,0.071597,0.042222,0.068637,0.066776,0.066509,0.05359,0.10811,0.036526,0.08612,0.096603,0.065174,0.041228,0.11249,0.2009,0.09783,0.19494,0.16852,0.12659,0.19875,0.13852,0.14459,0.16697,0.23793,0.094471,0.094625,0.007501,-1
0.12962,0.46841,0.13472,0.14726,0.082238,0.092919,0.56352,0.17816,0.47619,0.050609,0.17663,0.092009,0.26961,0.17479,0.15935,0.16269,0.019879,0.072654,0.10376,0.11762,0.15662,0.055708,0.10245,0.026671,0.1236,0.11325,0.08179,0.08422,0.10089,0.14752,0.12981,0.041961,0.097375,0.12807,0.17067,0.074542,0.065376,0.081645,0.062689,0.1027,0.051658,0.075609,0.099921,0.007125,0.10741,0.11858,0.058922,0.039929,0.12437,0.099778,0.02766,0.039609,0.10866,0.11064,0.06205,0.036546,0.13413,0.11227,0.072517,0.063873,0.15128,0.10456,0.060023,0.075679,0.16673,0.035756,0.011289,0.074973,0.10095,0.097208,0.16657,0.18513,0.24005,0.21121,0.15427,0.1256,-1
0.093935,0.52853,0.088691,0.27361,0.2625,0.22099,0.64916,0.057765,0.55069,0.36913,0.18278,0.13069,0.059112,0.399,0.14041,0.090498,0.33148,0.094755,0.09726,0.18702,0.20727,0.074586,0.009467,0.21225,0.18727,0.15264,0.24626,0.1349,0.08402,0.066179,0.13485,0.13171,0.081574,0.15221,0.13042,0.2351,0.16625,0.081062,0.082916,0.1076,0.13417,0.116,0.17574,0.14122,0.015406,0.055464,0.060523,0.11102,0.11485,0.12055,0.14774,0.077698,0.14766,0.041045,0.077817,0.12852,0.092733,0.1919,0.11965,0.12003,0.21086,0.061207,0.1332,0.12651,0.19273,0.16745,0.064222,0.13287,0.16034,0.14056,0.1362,0.080814,0.26607,0.053514,0.024354,0.10456,-1
0.21264,0.5087,0.05705,0.1143,0.08984,0.11916,0.67402,0.18216,0.53908,0.089825,0.19928,0.024863,0.13743,0.43532,0.15171,0.081234,0.025202,0.12256,0.11467,0.1523,0.13309,0.13663,0.080021,0.071734,0.16193,0.064679,0.14528,0.085493,0.04447,0.12315,0.12758,0.14953,0.038782,0.089649,0.095577,0.11628,0.095013,0.077506,0.11319,0.070073,0.12374,0.039932,0.085738,0.087356,0.10988,0.075346,0.09914,0.054768,0.14515,0.068644,0.056834,0.021409,0.10133,0.093254,0.09146,0.089211,0.12979,0.12737,0.014082,0.009483,0.055328,0.11071,0.083232,0.081292,0.14055,0.13174,0.09079,0.06664,0.099682,0.063658,0.0923,0.098187,0.2041,0.15674,0.2126,0.18604,-1
0.1786,0.46901,0.12802,0.30469,0.37005,0.29785,0.61094,0.11386,0.48895,0.30508,0.15381,0.27714,0.28396,0.34853,0.13461,0.11833,0.25844,0.22426,0.18643,0.10457,0.09397,0.12714,0.24882,0.18383,0.069404,0.065562,0.096097,0.22611,0.25332,0.087651,0.024268,0.057136,0.093061,0.21821,0.057971,0.097823,0.12161,0.15952,0.1686,0.042875,0.064756,0.1296,0.12097,0.10721,0.041903,0.068335,0.11199,0.11075,0.083022,0.12725,0.12063,0.11846,0.1129,0.12284,0.13001,0.064236,0.15649,0.13531,0.1384,0.084657,0.22362,0.16629,0.081375,0.01528,0.16514,0.16052,0.070754,0.009775,0.22051,0.14411,0.063519,0.017767,0.24425,0.020352,0.044501,0.088226,-1
0.23364,0.45933,0.38175,0.21035,0.058075,0.30074,0.54505,0.13228,0.36816,0.13835,0.12227,0.096246,0.21534,0.16037,0.083158,0.25149,0.19474,0.066831,0.022531,0.045461,0.11475,0.092678,0.21097,0.13947,0.11966,0.15359,0.029676,0.11463,0.045629,0.069248,0.063449,0.10746,0.15274,0.018356,0.10238,0.015432,0.080209,0.083294,0.092033,0.089614,0.053343,0.073957,0.051001,0.087764,0.056367,0.033653,0.035146,0.029409,0.067823,0.044158,0.012925,0.049899,0.045961,0.073533,0.024269,0.039643,0.05758,0.01229,0.075394,0.048559,0.14666,0.078711,0.03523,0.10792,0.081524,0.092691,0.09187,0.040068,0.17135,0.087386,0.037384,0.084337,0.099696,0.18612,0.17757,0.10502,-1
0.11335,0.39908,0.16759,0.13244,0.14451,0.052545,0.66366,0.2133,0.43238,0.17766,0.2378,0.15662,0.21557,0.34522,0.054643,0.26566,0.15094,0.2365,0.14017,0.1358,0.10847,0.070304,0.1711,0.19164,0.18913,0.086347,0.14395,0.10738,0.08504,0.1003,0.044299,0.10995,0.063228,0.09427,0.09488,0.14326,0.13252,0.1208,0.043337,0.039735,0.1176,0.087036,0.090505,0.12768,0.044554,0.09384,0.10196,0.053667,0.16903,0.14425,0.063818,0.048693,0.10065,0.052878,0.060148,0.082264,0.086661,0.030832,0.093352,0.14547,0.026088,0.15909,0.16908,0.12057,0.12379,0.1732,0.1548,0.10685,0.25989,0.1121,0.10574,0.10063,0.21063,0.1622,0.083698,0.055575,-1
0.18041,0.4337,0.11139,0.10093,0.087303,0.11675,0.70431,0.22794,0.44761,0.075684,0.20378,0.041599,0.025807,0.53538,0.15705,0.1947,0.11256,0.15323,0.0631,0.16652,0.097478,0.19726,0.20406,0.11326,0.12339,0.091753,0.16222,0.060867,0.15972,0.13419,0.089782,0.073228,0.015083,0.10923,0.085053,0.095795,0.077734,0.11687,0.034059,0.065023,0.15375,0.098575,0.12864,0.026137,0.11881,0.067993,0.061511,0.055877,0.11787,0.077664,0.016013,0.020834,0.042538,0.072777,0.02659,0.091872,0.062421,0.1342,0.088583,0.026051,0.14356,0.09521,0.070121,0.009887,0.13997,0.080344,0.10722,0.11257,0.15158,0.14278,0.11151,0.22927,0.18233,0.1924,0.12452,0.092409,-1
0.17086,0.52039,0.038589,0.19182,0.035925,0.083591,0.62679,0.16676,0.60559,0.016291,0.10269,0.15663,0.17565,0.2447,0.10985,0.18102,0.073967,0.035221,0.093835,0.17562,0.18787,0.070918,0.15275,0.12472,0.13487,0.23851,0.14167,0.13394,0.06668,0.14389,0.14257,0.090812,0.19493,0.03724,0.1134,0.031302,0.079963,0.13191,0.038083,0.10425,0.063708,0.11769,0.050212,0.021548,0.11323,0.090014,0.033552,0.059826,0.049045,0.0527,0.039109,0.042735,0.07485,0.050736,0.053769,0.08384,0.13393,0.12423,0.11873,0.063596,0.20347,0.089347,0.048022,0.048482,0.12493,0.04128,0.054949,0.074636,0.11941,0.07516,0.1071,0.14714,0.17039,0.165,0.13317,0.13374,-1
0.27026,0.39508,0.32686,0.19857,0.098403,0.2934,0.57717,0.091881,0.47023,0.048789,0.081357,0.07044,0.22791,0.20708,0.15931,0.14923,0.063508,0.11699,0.074171,0.13752,0.078703,0.061763,0.15268,0.053281,0.1207,0.070744,0.066858,0.10801,0.095235,0.14071,0.087647,0.039649,0.025033,0.089537,0.17236,0.12908,0.019346,0.053716,0.071014,0.1514,0.17282,0.098149,0.04668,0.073687,0.12576,0.09406,0.081945,0.037353,0.16068,0.082152,0.050241,0.04491,0.14653,0.091903,0.029869,0.065783,0.10415,0.10867,0.01567,0.069875,0.052358,0.056423,0.09806,0.010063,0.14219,0.012535,0.10522,0.11911,0.15298,0.12246,0.042714,0.10526,0.071508,0.17297,0.19409,0.097324,-1
0.058834,0.4775,0.15995,0.086497,0.11691,0.074614,0.55584,0.034401,0.57901,0.098506,0.14762,0.13004,0.26287,0.12197,0.1753,0.15696,0.13554,0.11606,0.056512,0.16011,0.097178,0.091364,0.096173,0.1201,0.12817,0.17286,0.035728,0.055565,0.082988,0.19574,0.14868,0.032432,0.08063,0.035604,0.17985,0.091314,0.074396,0.06613,0.047059,0.13347,0.11958,0.068465,0.050824,0.041642,0.15741,0.097893,0.070508,0.073063,0.18914,0.091904,0.029268,0.045306,0.13769,0.03369,0.006326,0.033194,0.15202,0.061283,0.049891,0.048359,0.17806,0.076853,0.078124,0.064451,0.11002,0.05397,0.034741,0.097722,0.13057,0.13322,0.10618,0.074778,0.17185,0.15547,0.12807,0.18574,-1
0.22248,0.4758,0.3201,0.12988,0.12269,0.267,0.52877,0.10724,0.5033,0.10423,0.1823,0.092962,0.23759,0.15431,0.16583,0.18607,0.056259,0.10931,0.089506,0.16223,0.14667,0.13149,0.16552,0.13147,0.12253,0.099288,0.1138,0.098275,0.060214,0.14795,0.11673,0.068972,0.042556,0.087122,0.1547,0.12965,0.051904,0.09563,0.13407,0.12645,0.096323,0.082356,0.10526,0.084125,0.075494,0.064504,0.036071,0.04582,0.062587,0.041671,0.051822,0.048804,0.11562,0.022407,0.066573,0.053855,0.12572,0.045377,0.035625,0.050311,0.09572,0.069231,0.024837,0.028821,0.13438,0.041363,0.045687,0.039652,0.14252,0.12845,0.040447,0.081966,0.084061,0.18,0.074886,0.13617,-1
0.19026,0.48235,0.025205,0.30254,0.12983,0.081471,0.66187,0.20858,0.47203,0.23763,0.18916,0.048897,0.10173,0.37112,0.24501,0.19858,0.24651,0.14048,0.059427,0.14992,0.033304,0.15054,0.21408,0.12082,0.10505,0.13605,0.027634,0.048051,0.082859,0.13937,0.16711,0.12978,0.13453,0.011473,0.10573,0.07352,0.072984,0.10004,0.11207,0.12948,0.13508,0.046532,0.06761,0.051641,0.15187,0.060937,0.19546,0.061602,0.062843,0.13769,0.067749,0.10095,0.13443,0.17834,0.10404,0.049806,0.20369,0.045405,0.1096,0.023517,0.076177,0.08669,0.098202,0.12006,0.078272,0.21674,0.12716,0.10344,0.17968,0.15113,0.13366,0.15019,0.2119,0.13967,0.13575,0.10744,-1
0.18923,0.51235,0.32996,0.38677,0.082129,0.25883,0.60597,0.13202,0.46474,0.10208,0.17674,0.11724,0.27255,0.32794,0.13228,0.11046,0.14754,0.20587,0.19937,0.16914,0.15503,0.10238,0.087983,0.15249,0.12871,0.15055,0.15606,0.057579,0.11587,0.085138,0.0785,0.1446,0.11587,0.085558,0.1075,0.067277,0.08516,0.07966,0.1186,0.14479,0.12634,0.089786,0.10736,0.048697,0.11492,0.088645,0.047165,0.03734,0.07925,0.075153,0.014943,0.034797,0.062814,0.052616,0.044488,0.04716,0.097954,0.057108,0.071601,0.031886,0.14186,0.088106,0.081828,0.075113,0.16356,0.080477,0.087496,0.050991,0.13992,0.079515,0.060115,0.087377,0.17028,0.023078,0.10225,0.05369,-1
0.12948,0.43161,0.15258,0.13639,0.29605,0.22202,0.61852,0.27457,0.41299,0.13428,0.34292,0.35818,0.28042,0.29943,0.070225,0.096981,0.14053,0.25551,0.28838,0.21625,0.18686,0.23225,0.2535,0.26249,0.10538,0.088073,0.065308,0.096371,0.13271,0.044117,0.13134,0.20682,0.24502,0.15916,0.010168,0.12018,0.1099,0.027023,0.092173,0.10457,0.11786,0.082161,0.15217,0.21768,0.087615,0.026966,0.086591,0.11342,0.037743,0.079608,0.12104,0.10267,0.11737,0.11506,0.091576,0.077381,0.080454,0.084115,0.009138,0.075104,0.075403,0.073442,0.094888,0.1349,0.052965,0.10374,0.17333,0.16298,0.2391,0.20236,0.17078,0.12543,0.259,0.14078,0.16605,0.1529,-1
0.031059,0.39124,0.33498,0.28292,0.42019,0.29941,0.43999,0.15286,0.39389,0.22021,0.20655,0.27264,0.12196,0.35131,0.012249,0.18884,0.22422,0.16561,0.13905,0.16074,0.1253,0.20696,0.10961,0.11607,0.066703,0.080157,0.21963,0.18305,0.20586,0.072916,0.04294,0.10593,0.13724,0.13835,0.07846,0.046967,0.14458,0.17256,0.19456,0.071995,0.022538,0.048789,0.11058,0.15611,0.038517,0.10371,0.070764,0.080139,0.042297,0.075012,0.092662,0.10466,0.036526,0.051689,0.040213,0.092006,0.046621,0.079316,0.072535,0.13619,0.024305,0.099502,0.10253,0.027762,0.066992,0.080362,0.068717,0.12376,0.11765,0.20014,0.084902,0.11893,0.26596,0.076145,0.21183,0.29817,-1
0.18158,0.61481,0.096245,0.44644,0.31954,0.12231,0.57196,0.21024,0.55242,0.11623,0.32921,0.16049,0.20805,0.22559,0.1667,0.087052,0.071235,0.24902,0.10555,0.17937,0.073434,0.13594,0.091738,0.2084,0.022088,0.065519,0.17335,0.095961,0.051904,0.10224,0.17743,0.046087,0.04074,0.088978,0.1096,0.072187,0.08209,0.15856,0.0523,0.12283,0.062182,0.088541,0.028536,0.10092,0.13508,0.095536,0.092662,0.074907,0.058418,0.10901,0.15976,0.1186,0.085159,0.147,0.11879,0.10682,0.17277,0.16748,0.12396,0.13084,0.16702,0.086484,0.12872,0.087042,0.10792,0.18936,0.20421,0.16197,0.12239,0.25041,0.1697,0.15894,0.37272,0.27258,0.21684,0.098597,-1
0.1739,0.50508,0.25777,0.3768,0.38822,0.30361,0.58382,0.096247,0.45377,0.31534,0.18261,0.38316,0.26416,0.33593,0.065639,0.27863,0.18285,0.2768,0.13655,0.23182,0.11438,0.27997,0.1658,0.09755,0.040956,0.24806,0.15134,0.29355,0.1556,0.12994,0.043497,0.19482,0.13724,0.15981,0.071978,0.1892,0.13197,0.21378,0.12989,0.080973,0.051251,0.15046,0.17057,0.17651,0.083156,0.067708,0.071839,0.056045,0.13325,0.12047,0.066338,0.10847,0.030404,0.10962,0.097537,0.016503,0.14337,0.1076,0.088369,0.12843,0.049667,0.16231,0.12141,0.034198,0.16771,0.067001,0.098914,0.14717,0.11239,0.17303,0.1667,0.016952,0.259,0.16274,0.097222,0.19666,-1
0.051753,0.19651,0.2314,0.2378,0.12492,0.078997,0.61743,0.27205,0.31487,0.24283,0.32547,0.2619,0.055064,0.33946,0.18302,0.06386,0.19377,0.18576,0.15763,0.17775,0.14584,0.06871,0.16806,0.15207,0.17259,0.20534,0.12625,0.11399,0.089545,0.19732,0.14394,0.035742,0.057923,0.098045,0.15167,0.16249,0.13822,0.065839,0.019078,0.13789,0.13116,0.026309,0.10213,0.098799,0.086422,0.027538,0.025471,0.067299,0.16822,0.1227,0.08618,0.035627,0.16153,0.026139,0.062374,0.037215,0.10336,0.063684,0.041116,0.088082,0.18631,0.11539,0.058943,0.044278,0.12545,0.093343,0.063844,0.024646,0.17253,0.097651,0.052701,0.11129,0.12994,0.23298,0.13543,0.16707,-1
0.22369,0.62537,0.32463,0.43293,0.21885,0.36591,0.47637,0.14851,0.36504,0.25759,0.012858,0.18495,0.31899,0.1793,0.10687,0.24505,0.13592,0.065266,0.10658,0.21274,0.14316,0.16123,0.097868,0.099216,0.11182,0.17943,0.18363,0.11223,0.016863,0.084657,0.16817,0.15447,0.14254,0.10739,0.10895,0.087771,0.17543,0.16571,0.067426,0.064698,0.15804,0.11845,0.12466,0.13991,0.05322,0.032141,0.069336,0.034234,0.043079,0.056376,0.048474,0.030583,0.046001,0.028075,0.059261,0.055878,0.085001,0.040868,0.080241,0.065464,0.065249,0.11365,0.043138,0.13101,0.21454,0.054332,0.15963,0.050735,0.15149,0.20506,0.070065,0.18655,0.15997,0.13156,0.17289,0.024776,-1
0.18773,0.43642,0.068465,0.026262,0.081279,0.087299,0.6845,0.17387,0.59037,0.040863,0.14703,0.17141,0.032407,0.38974,0.10223,0.15865,0.055634,0.10306,0.26056,0.11211,0.080558,0.071799,0.11455,0.089384,0.061511,0.076829,0.088742,0.059892,0.11519,0.073356,0.11901,0.041752,0.048199,0.10693,0.10955,0.085571,0.01913,0.096958,0.023888,0.085711,0.045549,0.062974,0.071497,0.030247,0.12048,0.085472,0.061374,0.015455,0.11377,0.064413,0.05955,0.062356,0.082769,0.075224,0.090804,0.060027,0.1247,0.10716,0.084797,0.073224,0.13305,0.069468,0.065001,0.066548,0.091836,0.098132,0.094681,0.14493,0.1341,0.1726,0.12251,0.095653,0.1793,0.18432,0.10524,0.10228,-1
0.17306,0.53608,0.21516,0.33179,0.22364,0.24938,0.63013,0.12581,0.49338,0.32994,0.1004,0.13644,0.20285,0.32755,0.19657,0.18546,0.29325,0.037632,0.090097,0.086556,0.15732,0.073011,0.15105,0.18482,0.22391,0.070759,0.13031,0.095867,0.12717,0.12307,0.15834,0.15874,0.073741,0.080896,0.079058,0.10015,0.060329,0.11175,0.16004,0.16982,0.075676,0.10925,0.084704,0.031229,0.10807,0.15874,0.068138,0.16688,0.077804,0.094001,0.083125,0.022368,0.15782,0.097338,0.11348,0.15411,0.09799,0.21236,0.065294,0.12061,0.13939,0.066064,0.13624,0.075062,0.17244,0.18113,0.053521,0.16579,0.13438,0.20116,0.14377,0.061821,0.20725,0.065273,0.031025,0.090896,-1
0.072922,0.32311,0.055481,0.30898,0.26773,0.038544,0.47519,0.34786,0.45232,0.1033,0.30679,0.14883,0.13258,0.25644,0.046663,0.17416,0.14014,0.19656,0.24331,0.12929,0.1469,0.14649,0.071942,0.094143,0.19436,0.091415,0.17175,0.18681,0.17921,0.10448,0.070295,0.080155,0.073261,0.041194,0.051977,0.099149,0.1832,0.18055,0.069038,0.031389,0.12163,0.060792,0.070722,0.15358,0.08591,0.061118,0.089249,0.070138,0.10209,0.11523,0.10672,0.096574,0.1339,0.098727,0.034486,0.072875,0.081749,0.008279,0.007976,0.07243,0.029694,0.087309,0.088928,0.14649,0.026546,0.145,0.18777,0.13683,0.25886,0.22361,0.16208,0.068769,0.29596,0.16918,0.011029,0.12318,-1
0.080926,0.22725,0.28619,0.15831,0.27636,0.32066,0.61201,0.013623,0.25223,0.062678,0.18525,0.48203,0.33014,0.31064,0.1054,0.081188,0.24778,0.14825,0.39566,0.14998,0.22235,0.064462,0.077566,0.33003,0.17786,0.17391,0.065134,0.057266,0.13196,0.11743,0.036992,0.17461,0.21986,0.062863,0.15751,0.046464,0.14472,0.16623,0.017646,0.071742,0.1463,0.11925,0.010405,0.13903,0.027205,0.15279,0.1255,0.10153,0.16773,0.10165,0.063179,0.013891,0.16199,0.11288,0.080828,0.11953,0.065738,0.10321,0.094455,0.068988,0.11391,0.13312,0.20392,0.16389,0.17997,0.10574,0.14,0.15816,0.26771,0.21556,0.080087,0.087047,0.24254,0.1862,0.1474,0.074757,-1
0.13042,0.5183,0.053323,0.27835,0.28282,0.20914,0.67404,0.13552,0.54172,0.30824,0.14962,0.15841,0.13842,0.44448,0.12717,0.044985,0.34483,0.15483,0.080314,0.045993,0.15152,0.14977,0.062358,0.26556,0.068627,0.23214,0.17853,0.12997,0.14575,0.13925,0.08838,0.15473,0.13428,0.16698,0.11366,0.22815,0.008464,0.011701,0.17301,0.14741,0.14272,0.019789,0.20054,0.069271,0.11958,0.069214,0.081073,0.060712,0.095579,0.047835,0.14875,0.077163,0.077689,0.14741,0.057322,0.11363,0.091446,0.16867,0.15847,0.047067,0.24461,0.13027,0.11911,0.091135,0.16193,0.18809,0.090929,0.061762,0.23658,0.15121,0.096449,0.048278,0.26552,0.067389,0.023775,0.048052,-1
0.20136,0.52848,0.28447,0.32466,0.12552,0.2463,0.62038,0.1852,0.43578,0.25055,0.10119,0.075533,0.33325,0.30431,0.23007,0.054297,0.24263,0.13967,0.12628,0.071265,0.10136,0.24745,0.13786,0.17587,0.059423,0.11155,0.077997,0.20221,0.1558,0.079076,0.036519,0.12534,0.076536,0.06348,0.058707,0.15759,0.15708,0.079685,0.063054,0.062705,0.15987,0.10751,0.14665,0.088079,0.048575,0.077699,0.034912,0.086674,0.09565,0.062274,0.15344,0.070528,0.12781,0.12273,0.12695,0.13112,0.08177,0.1162,0.067426,0.084324,0.12587,0.12261,0.098656,0.080212,0.15404,0.16373,0.14275,0.058647,0.18106,0.099998,0.082974,0.069738,0.18237,0.089738,0.021057,0.11267,-1
0.12937,0.29393,0.3056,0.14762,0.29235,0.31777,0.65136,0.1553,0.2825,0.16485,0.15254,0.3949,0.36764,0.41979,0.12418,0.11798,0.10382,0.10219,0.30512,0.17166,0.24127,0.20871,0.077161,0.11721,0.14571,0.10664,0.056106,0.15089,0.1537,0.2225,0.19729,0.064,0.14416,0.098367,0.11349,0.071525,0.089699,0.0735,0.00968,0.16234,0.12944,0.15735,0.1092,0.052711,0.19467,0.15433,0.071654,0.046453,0.13516,0.040608,0.018009,0.023622,0.16686,0.075628,0.10145,0.12406,0.033382,0.086052,0.036137,0.11448,0.11856,0.18363,0.18298,0.090652,0.15345,0.12908,0.13785,0.15794,0.25751,0.18648,0.11919,0.11467,0.28712,0.12044,0.021889,0.041438,-1
0.10198,0.14461,0.22984,0.17391,0.34538,0.32692,0.48165,0.038677,0.26522,0.046939,0.12015,0.48918,0.38438,0.14735,0.11418,0.032477,0.35009,0.20811,0.16367,0.11647,0.17821,0.12476,0.040132,0.3243,0.10697,0.18781,0.21404,0.024635,0.13549,0.1046,0.006229,0.10609,0.15549,0.22301,0.10731,0.15141,0.0404,0.14262,0.25121,0.076997,0.1174,0.067551,0.046963,0.1375,0.093499,0.06487,0.090037,0.035476,0.10888,0.14177,0.071197,0.11283,0.096385,0.048124,0.018286,0.11282,0.096766,0.10337,0.12395,0.16956,0.054853,0.17314,0.20256,0.16759,0.13367,0.16178,0.1845,0.14894,0.30582,0.18369,0.058385,0.087674,0.20758,0.26532,0.099521,0.12848,-1
0.16259,0.55637,0.073966,0.30807,0.37034,0.19969,0.65607,0.16502,0.55697,0.28734,0.21073,0.20116,0.13635,0.4251,0.15684,0.10929,0.21159,0.16313,0.056579,0.078339,0.21879,0.14833,0.11303,0.16558,0.17429,0.04696,0.13971,0.11793,0.129,0.081413,0.13289,0.16045,0.042525,0.12257,0.091855,0.16154,0.031665,0.085418,0.12715,0.16616,0.082884,0.13174,0.074684,0.027964,0.076914,0.12388,0.16716,0.081845,0.11286,0.24091,0.1752,0.13613,0.14974,0.078642,0.12435,0.023353,0.21082,0.28418,0.1685,0.15402,0.18748,0.08807,0.10198,0.048737,0.31012,0.20301,0.13864,0.094085,0.16354,0.19046,0.095106,0.1077,0.29248,0.17418,0.083145,0.048046,-1
0.056686,0.43243,0.11521,0.39118,0.29667,0.042601,0.49106,0.28887,0.5244,0.23305,0.16982,0.12273,0.065554,0.19318,0.086956,0.1712,0.1633,0.11495,0.15106,0.070729,0.11072,0.11776,0.12789,0.13769,0.082326,0.15348,0.10208,0.11597,0.079062,0.13298,0.16823,0.064784,0.087938,0.077469,0.14061,0.10398,0.087706,0.09762,0.10198,0.15776,0.069652,0.066514,0.088943,0.07723,0.096868,0.038299,0.1126,0.15624,0.030331,0.07527,0.13473,0.11615,0.051078,0.10427,0.16644,0.14218,0.12141,0.16197,0.16558,0.10065,0.15343,0.19251,0.16357,0.015014,0.20716,0.21204,0.11532,0.092148,0.31295,0.12484,0.019947,0.099892,0.25785,0.080669,0.10593,0.087717,-1
0.14786,0.51367,0.094061,0.24148,0.079831,0.14564,0.67997,0.1228,0.58971,0.16682,0.18526,0.083538,0.053682,0.41408,0.20488,0.16937,0.19571,0.10779,0.29703,0.15368,0.10444,0.19469,0.13966,0.10032,0.10351,0.074285,0.085099,0.066064,0.18235,0.13911,0.099997,0.05512,0.014624,0.15754,0.12193,0.098896,0.10011,0.048583,0.021146,0.083386,0.098884,0.047726,0.051085,0.1089,0.14632,0.10125,0.1268,0.075501,0.12699,0.10482,0.084518,0.058483,0.11892,0.13045,0.066191,0.084129,0.11375,0.11491,0.075729,0.047647,0.12873,0.14604,0.098667,0.070911,0.16397,0.13391,0.10439,0.037363,0.18722,0.090279,0.082925,0.15418,0.17562,0.094263,0.075861,0.057731,-1
0.1091,0.090254,0.06271,0.093311,0.25083,0.11464,0.53619,0.23985,0.21896,0.10657,0.26497,0.32569,0.30574,0.36353,0.044066,0.083384,0.047651,0.016032,0.34047,0.1306,0.2091,0.15642,0.077651,0.055275,0.11694,0.08817,0.089401,0.151,0.15791,0.1249,0.093847,0.091921,0.066161,0.063967,0.10282,0.089557,0.13641,0.1178,0.10839,0.069479,0.076429,0.094004,0.00517,0.037756,0.10391,0.092655,0.04512,0.056633,0.082173,0.10636,0.11745,0.062428,0.13431,0.080842,0.071473,0.005225,0.12438,0.046372,0.076612,0.11605,0.11458,0.096791,0.095036,0.063288,0.1163,0.068967,0.11328,0.15637,0.2402,0.17877,0.12496,0.16598,0.21647,0.29728,0.20228,0.18993,-1
0.13593,0.54022,0.073208,0.28806,0.25156,0.10382,0.67503,0.12242,0.56863,0.22895,0.26553,0.11554,0.12477,0.42129,0.077082,0.17008,0.2196,0.25355,0.11455,0.12483,0.13417,0.078148,0.20574,0.14103,0.1577,0.18108,0.13227,0.13219,0.077736,0.10686,0.045808,0.071689,0.15245,0.17264,0.12828,0.084432,0.11342,0.066228,0.10895,0.074988,0.081483,0.11529,0.070183,0.11256,0.1079,0.15003,0.08397,0.075714,0.14445,0.10819,0.05842,0.093834,0.12425,0.050549,0.093066,0.097157,0.10892,0.087217,0.15682,0.14367,0.11747,0.17241,0.13395,0.13523,0.10535,0.18093,0.1695,0.11041,0.24208,0.19499,0.12033,0.089116,0.24451,0.14206,0.11344,0.087859,-1
0.22018,0.54939,0.064209,0.26636,0.063473,0.095384,0.64477,0.26845,0.57251,0.18101,0.070401,0.1552,0.10383,0.26783,0.15052,0.17123,0.16298,0.12638,0.22037,0.13189,0.1785,0.15736,0.1258,0.12334,0.10701,0.024848,0.050831,0.13983,0.11296,0.10568,0.090313,0.04508,0.058216,0.12685,0.088748,0.077134,0.14184,0.10025,0.093159,0.021756,0.11465,0.10097,0.076795,0.085983,0.089603,0.078708,0.092223,0.029185,0.17552,0.08859,0.11564,0.095026,0.085143,0.039249,0.13202,0.099998,0.049314,0.031224,0.058599,0.1303,0.062904,0.1779,0.18968,0.18327,0.19094,0.23667,0.15571,0.069892,0.18051,0.074711,0.076096,0.10373,0.1525,0.12079,0.055228,0.11435,-1
0.10583,0.18689,0.30806,0.20174,0.1991,0.19015,0.64772,0.069306,0.14779,0.17244,0.29408,0.41252,0.19501,0.41197,0.062702,0.06787,0.13598,0.10847,0.38901,0.23503,0.18326,0.11318,0.12242,0.19878,0.029808,0.11664,0.10232,0.11097,0.14309,0.16979,0.20563,0.13839,0.036729,0.048559,0.097269,0.088877,0.12728,0.19359,0.10164,0.14632,0.073435,0.097232,0.045527,0.053531,0.15708,0.13236,0.11356,0.062867,0.16136,0.097147,0.094989,0.057101,0.14388,0.098743,0.099425,0.10858,0.10379,0.13246,0.13407,0.099438,0.24112,0.13145,0.044748,0.04161,0.074631,0.08156,0.087177,0.089442,0.23264,0.17086,0.11366,0.11428,0.22864,0.20934,0.13077,0.038589,-1
0.23401,0.41195,0.3874,0.17012,0.074532,0.2637,0.61552,0.15417,0.3315,0.064723,0.121,0.09896,0.29886,0.39292,0.062114,0.12756,0.094874,0.15078,0.05273,0.072081,0.040851,0.056061,0.16719,0.12334,0.11617,0.082862,0.041815,0.0548,0.006399,0.10065,0.15045,0.085564,0.021342,0.06472,0.1397,0.13703,0.10197,0.12329,0.016022,0.14473,0.1532,0.12286,0.061558,0.069231,0.11955,0.086502,0.051959,0.043087,0.14559,0.066667,0.06755,0.04779,0.13145,0.0587,0.035339,0.042439,0.10397,0.05881,0.021516,0.061691,0.099691,0.056425,0.017688,0.056481,0.08742,0.087576,0.016554,0.050057,0.098474,0.11097,0.021035,0.029351,0.1029,0.15746,0.13552,0.0589,-1
0.10017,0.45257,0.10619,0.26937,0.36162,0.23324,0.6498,0.10829,0.51192,0.28039,0.15736,0.23888,0.14855,0.4033,0.19876,0.012041,0.25831,0.20291,0.061496,0.11609,0.10949,0.20444,0.096118,0.15854,0.048936,0.12661,0.10801,0.17506,0.14315,0.095984,0.12688,0.12783,0.1049,0.034156,0.067427,0.11676,0.14187,0.074879,0.087457,0.072142,0.10744,0.12311,0.031399,0.074261,0.075501,0.13986,0.11819,0.11392,0.074748,0.14718,0.14309,0.10002,0.12161,0.21299,0.14548,0.1036,0.17718,0.14547,0.13209,0.1102,0.24824,0.20609,0.079862,0.023917,0.20342,0.15718,0.10426,0.036,0.27793,0.10204,0.06929,0.017241,0.27565,0.051247,0.033593,0.11237,-1
0.19654,0.43734,0.097925,0.15542,0.23515,0.20178,0.68006,0.1877,0.43378,0.28116,0.18562,0.27022,0.25667,0.49425,0.098976,0.090575,0.29832,0.20536,0.16346,0.051065,0.10718,0.12836,0.15009,0.20302,0.096702,0.23416,0.14728,0.20821,0.15548,0.07358,0.10245,0.083181,0.099336,0.059168,0.18663,0.13793,0.13351,0.0577,0.15865,0.13218,0.085228,0.074259,0.10153,0.13448,0.083262,0.057196,0.015466,0.048747,0.088711,0.059038,0.084706,0.10448,0.057432,0.064723,0.12679,0.102,0.11404,0.12189,0.12426,0.12965,0.12846,0.16065,0.11592,0.10315,0.13979,0.19666,0.16289,0.073547,0.25062,0.1263,0.088072,0.11388,0.20667,0.10643,0.088883,0.025092,-1
0.20814,0.51728,0.33203,0.38765,0.075916,0.2993,0.5951,0.19736,0.31856,0.13073,0.11692,0.11415,0.35764,0.32089,0.13299,0.03913,0.093462,0.24933,0.14178,0.14809,0.060818,0.058631,0.11206,0.099843,0.11513,0.16353,0.098148,0.069393,0.044847,0.070385,0.1149,0.12164,0.13796,0.092363,0.056368,0.028441,0.10574,0.12187,0.097598,0.011789,0.017353,0.077879,0.04017,0.13532,0.10769,0.080999,0.10903,0.082084,0.043738,0.050542,0.11757,0.071785,0.037327,0.063901,0.067614,0.069361,0.088503,0.084082,0.084939,0.071892,0.12175,0.1318,0.10169,0.12174,0.094415,0.14812,0.13,0.12425,0.11735,0.08256,0.17451,0.078542,0.18158,0.11583,0.10682,0.2794,-1
0.20828,0.45051,0.24824,0.23669,0.30676,0.24344,0.5892,0.23675,0.3741,0.39399,0.12849,0.17833,0.14999,0.29261,0.11678,0.26977,0.22027,0.17799,0.071078,0.2633,0.066155,0.091102,0.16848,0.11145,0.13168,0.23211,0.14593,0.11658,0.10661,0.20297,0.043529,0.18399,0.18656,0.02238,0.085583,0.17098,0.14982,0.08365,0.089785,0.14852,0.071691,0.20232,0.14994,0.029767,0.077995,0.10642,0.066098,0.023641,0.17781,0.043566,0.10265,0.023772,0.094378,0.15607,0.028747,0.077999,0.24285,0.054421,0.1177,0.01111,0.1113,0.16348,0.041543,0.063855,0.2715,0.040657,0.14055,0.085179,0.15086,0.16916,0.059662,0.039171,0.20614,0.068163,0.072036,0.16129,-1
0.09433,0.39622,0.088659,0.19237,0.23133,0.090196,0.62784,0.20131,0.44844,0.20406,0.3006,0.19629,0.12423,0.32555,0.056541,0.17422,0.18937,0.32208,0.12464,0.11952,0.14104,0.18763,0.067303,0.070459,0.060965,0.1369,0.18793,0.1891,0.2612,0.026398,0.082696,0.072596,0.17262,0.17048,0.076086,0.068744,0.10019,0.16771,0.14722,0.050424,0.038068,0.058243,0.024043,0.18825,0.041928,0.054935,0.069444,0.074073,0.10098,0.098525,0.12824,0.055046,0.13843,0.079695,0.017385,0.057174,0.079616,0.08634,0.069648,0.12814,0.039159,0.078538,0.14782,0.16393,0.020941,0.19767,0.21021,0.13612,0.22456,0.17147,0.13622,0.12834,0.23768,0.1524,0.064151,0.027047,-1
0.2099,0.4825,0.33932,0.40067,0.008965,0.25577,0.61653,0.17938,0.32915,0.052655,0.079038,0.1272,0.27479,0.35564,0.093872,0.087024,0.13986,0.11047,0.16094,0.15374,0.080869,0.02436,0.16418,0.16344,0.11967,0.065169,0.15619,0.092919,0.056413,0.13385,0.07803,0.09531,0.057358,0.12121,0.047631,0.12299,0.13209,0.025629,0.047048,0.022884,0.046646,0.068471,0.11932,0.10187,0.032072,0.087666,0.067006,0.08917,0.055755,0.038146,0.075067,0.07459,0.10922,0.065517,0.10405,0.064997,0.13402,0.12861,0.11744,0.084306,0.1101,0.13648,0.14105,0.081278,0.1297,0.10481,0.14093,0.069293,0.10045,0.073923,0.1,0.12468,0.16455,0.029684,0.17078,0.13081,-1
0.2392,0.21266,0.060007,0.23609,0.10456,0.29327,0.69213,0.21127,0.27166,0.17109,0.085916,0.1956,0.22243,0.47007,0.21266,0.073712,0.15398,0.17024,0.1413,0.14219,0.22994,0.075894,0.078709,0.21659,0.14191,0.066815,0.16166,0.14594,0.058393,0.1381,0.11872,0.062237,0.054058,0.1376,0.20663,0.12687,0.038195,0.0695,0.13597,0.098554,0.15472,0.10352,0.056144,0.014286,0.1405,0.090159,0.012722,0.091053,0.05627,0.10298,0.076238,0.00946,0.18146,0.01116,0.077088,0.04671,0.1171,0.10822,0.035353,0.068864,0.10593,0.09645,0.099979,0.042646,0.15934,0.080956,0.084028,0.043225,0.16613,0.13171,0.018721,0.10468,0.19031,0.22441,0.10497,0.15852,-1
0.086157,0.43388,0.28923,0.048583,0.33656,0.33879,0.62215,0.042034,0.51026,0.15783,0.23199,0.43562,0.31045,0.4512,0.17457,0.14979,0.26928,0.1452,0.22339,0.08887,0.077829,0.21105,0.31884,0.28215,0.062638,0.10676,0.11174,0.18816,0.19339,0.070711,0.10361,0.078268,0.097341,0.24753,0.070662,0.057325,0.10923,0.025499,0.12802,0.10406,0.069333,0.073603,0.060994,0.11355,0.11377,0.099946,0.071082,0.058369,0.056432,0.073034,0.12261,0.10734,0.091883,0.064323,0.1421,0.15442,0.10763,0.082624,0.14189,0.13993,0.0606,0.15809,0.16132,0.19475,0.12726,0.15652,0.12791,0.095123,0.19694,0.12324,0.17478,0.15728,0.32492,0.069246,0.04412,0.081956,-1
0.071246,0.57612,0.23332,0.28351,0.2064,0.23517,0.52403,0.21044,0.6144,0.25207,0.27613,0.094231,0.15124,0.18578,0.20051,0.16571,0.11006,0.18273,0.00974,0.24631,0.15418,0.041694,0.14696,0.074941,0.24542,0.15905,0.083842,0.12223,0.041724,0.2103,0.10824,0.08097,0.173,0.050595,0.22484,0.14596,0.055857,0.10928,0.028443,0.18318,0.11777,0.10512,0.15288,0.0809,0.11947,0.11382,0.097557,0.049291,0.13058,0.093025,0.053503,0.082673,0.10447,0.075848,0.083556,0.071252,0.13459,0.076169,0.086005,0.051969,0.14858,0.02506,0.060384,0.026424,0.14494,0.017437,0.057897,0.011767,0.22013,0.061804,0.072776,0.063305,0.25159,0.055787,0.12164,0.083598,-1
0.21096,0.46459,0.16249,0.22682,0.1338,0.15466,0.66705,0.24411,0.4908,0.22536,0.054448,0.12815,0.1841,0.36395,0.20281,0.066213,0.13597,0.11132,0.18392,0.084152,0.10319,0.26944,0.039026,0.060971,0.078152,0.12788,0.20115,0.068296,0.18019,0.063233,0.14134,0.035964,0.053445,0.23367,0.04378,0.12373,0.067155,0.091813,0.10762,0.12265,0.069655,0.10538,0.11807,0.080468,0.039738,0.058298,0.060357,0.031392,0.006365,0.074843,0.068058,0.030094,0.047996,0.030785,0.044755,0.027269,0.094472,0.095248,0.048643,0.074301,0.12365,0.13498,0.040271,0.10949,0.16356,0.13119,0.044799,0.12301,0.18762,0.081657,0.11121,0.092938,0.16279,0.0597,0.053925,0.026953,-1
0.15274,0.56108,0.14458,0.24177,0.086762,0.23275,0.509,0.10957,0.55602,0.014401,0.068671,0.21808,0.11339,0.065972,0.10017,0.057764,0.13876,0.074893,0.15163,0.16095,0.12703,0.078263,0.093695,0.14769,0.131,0.136,0.016075,0.039835,0.14574,0.13319,0.12301,0.062618,0.038688,0.13467,0.10506,0.090559,0.076211,0.083423,0.04636,0.1047,0.046519,0.045978,0.077125,0.023145,0.12218,0.10277,0.06326,0.03187,0.1031,0.082083,0.0719,0.049156,0.14201,0.084784,0.036267,0.042829,0.13503,0.10287,0.080284,0.031357,0.13521,0.047067,0.083281,0.047738,0.17352,0.072828,0.054434,0.14398,0.12357,0.14134,0.017382,0.15539,0.094588,0.1491,0.16082,0.07901,-1
0.14517,0.56493,0.045697,0.28276,0.25078,0.11032,0.60339,0.20399,0.58986,0.22172,0.30456,0.10203,0.207,0.29457,0.13621,0.16424,0.056771,0.20211,0.10578,0.24702,0.14958,0.052043,0.15998,0.10576,0.16764,0.11178,0.18067,0.053557,0.1026,0.17102,0.08527,0.069363,0.049899,0.13938,0.14838,0.18832,0.09816,0.014261,0.065784,0.12429,0.07858,0.032163,0.16625,0.04875,0.12864,0.15711,0.080613,0.057165,0.15947,0.15506,0.094674,0.075882,0.21871,0.13792,0.044623,0.029188,0.1602,0.040135,0.051494,0.058925,0.16121,0.15128,0.14393,0.12755,0.10462,0.15051,0.11649,0.11937,0.23591,0.18922,0.16997,0.09362,0.29511,0.10437,0.15581,0.091107,-1
0.15113,0.54044,0.093248,0.33979,0.21326,0.16423,0.66442,0.11611,0.54737,0.30614,0.17997,0.044595,0.045483,0.37341,0.18159,0.07453,0.32453,0.11024,0.20082,0.030771,0.12103,0.16017,0.088812,0.20385,0.15161,0.19093,0.12163,0.043877,0.21575,0.15554,0.033508,0.14676,0.14228,0.03645,0.060383,0.15417,0.057373,0.090781,0.13377,0.1298,0.10947,0.024981,0.088551,0.067088,0.087018,0.11016,0.072658,0.14493,0.15893,0.053546,0.14465,0.068783,0.070045,0.1272,0.12791,0.15341,0.098747,0.19783,0.14159,0.098266,0.2069,0.10405,0.16513,0.08336,0.1278,0.20748,0.076989,0.12093,0.19829,0.18341,0.12245,0.058376,0.2287,0.13641,0.034534,0.14557,-1
0.1983,0.57796,0.10128,0.35448,0.36652,0.11921,0.65199,0.16485,0.60187,0.25273,0.21989,0.091268,0.082964,0.38953,0.03342,0.041421,0.1687,0.21464,0.11255,0.15248,0.19062,0.13775,0.13408,0.094084,0.09342,0.13259,0.096944,0.13643,0.15715,0.04262,0.028797,0.11515,0.15034,0.083287,0.05973,0.18229,0.084084,0.048582,0.1082,0.11631,0.054894,0.047013,0.15319,0.064343,0.055756,0.051052,0.12774,0.052298,0.0592,0.1901,0.1562,0.18221,0.20688,0.084814,0.072396,0.12168,0.099312,0.1346,0.26615,0.19679,0.14087,0.17328,0.13166,0.14368,0.24524,0.22727,0.27917,0.090905,0.17527,0.23745,0.11991,0.088643,0.30459,0.25122,0.13956,0.10146,-1
0.31598,0.35136,0.16414,0.064733,0.18271,0.32223,0.59785,0.27862,0.43063,0.14877,0.091435,0.33928,0.30255,0.3003,0.042785,0.15853,0.1305,0.1795,0.30443,0.08806,0.062481,0.13799,0.14093,0.050286,0.13269,0.076895,0.059865,0.079112,0.18184,0.15917,0.12649,0.092549,0.083725,0.040177,0.086056,0.15042,0.11146,0.051028,0.05847,0.073419,0.09449,0.11336,0.089518,0.025679,0.10956,0.098217,0.057658,0.037767,0.076097,0.13046,0.086199,0.046775,0.082815,0.064878,0.10859,0.013932,0.12278,0.016832,0.069269,0.10203,0.15063,0.096166,0.015679,0.082472,0.06783,0.14625,0.042516,0.085099,0.075449,0.14276,0.17013,0.12737,0.14005,0.1821,0.19604,0.15643,-1
0.1165,0.47296,0.076248,0.20729,0.34841,0.20465,0.6682,0.13586,0.49625,0.28356,0.23175,0.29743,0.2187,0.42991,0.18103,0.046674,0.24024,0.20127,0.15138,0.05101,0.22462,0.32949,0.15277,0.12617,0.11343,0.10312,0.1136,0.13742,0.29404,0.10201,0.18753,0.28928,0.12606,0.15838,0.067165,0.13215,0.064974,0.0685,0.27256,0.13996,0.16022,0.081543,0.22041,0.17618,0.11965,0.007372,0.088083,0.088551,0.046743,0.090791,0.11822,0.11732,0.00835,0.15104,0.14339,0.088213,0.098718,0.11415,0.14148,0.047745,0.17441,0.19069,0.13077,0.1037,0.16577,0.13044,0.085841,0.04171,0.22424,0.14651,0.11093,0.054474,0.24611,0.058516,0.05147,0.087947,-1
0.080152,0.068173,0.23387,0.21751,0.13755,0.13769,0.66605,0.073846,0.12271,0.14629,0.16399,0.33737,0.12535,0.38048,0.19236,0.24804,0.074305,0.019039,0.34998,0.14691,0.17985,0.1023,0.18821,0.19177,0.17902,0.096623,0.11332,0.19703,0.09587,0.13689,0.13478,0.078761,0.047371,0.12826,0.13604,0.19747,0.11701,0.093784,0.053806,0.1721,0.11265,0.013929,0.14584,0.12235,0.10736,0.07726,0.08367,0.035085,0.16185,0.085264,0.027658,0.032144,0.11412,0.082316,0.083956,0.032469,0.16131,0.071173,0.04293,0.04402,0.11401,0.097301,0.033165,0.063942,0.1302,0.13652,0.054977,0.13859,0.17618,0.17814,0.11222,0.10843,0.085283,0.21684,0.090347,0.27914,-1
0.14518,0.38615,0.12455,0.077721,0.31599,0.28547,0.63289,0.149,0.38704,0.22145,0.19719,0.38673,0.37893,0.37716,0.2386,0.09463,0.16533,0.083687,0.21895,0.09457,0.14525,0.33778,0.23806,0.22703,0.071255,0.086815,0.1663,0.1254,0.10962,0.071314,0.21057,0.16896,0.13823,0.20818,0.061904,0.15497,0.1847,0.034794,0.091157,0.10081,0.12643,0.068763,0.086369,0.20545,0.055753,0.042123,0.063236,0.081197,0.054983,0.1209,0.13448,0.086673,0.036159,0.084701,0.089546,0.086559,0.17632,0.13519,0.092105,0.052454,0.12832,0.19546,0.10396,0.065641,0.15958,0.070315,0.11905,0.025274,0.27507,0.14619,0.037152,0.075172,0.21589,0.056128,0.024312,0.072082,-1
0.14574,0.54481,0.081569,0.25911,0.12216,0.15278,0.5826,0.12819,0.55955,0.20471,0.19495,0.1728,0.069816,0.10879,0.13667,0.066435,0.049612,0.16055,0.14454,0.13067,0.064708,0.024033,0.084507,0.15692,0.090942,0.041758,0.13667,0.057638,0.11847,0.036026,0.12377,0.11477,0.026387,0.047893,0.075068,0.12725,0.028175,0.068514,0.061837,0.10647,0.042731,0.046248,0.078858,0.054066,0.051755,0.063978,0.13715,0.043682,0.057027,0.11308,0.061869,0.03726,0.094928,0.06851,0.05931,0.13481,0.12203,0.025747,0.08396,0.14477,0.084626,0.11722,0.15469,0.14849,0.17302,0.15226,0.24179,0.11029,0.079168,0.27225,0.042503,0.11522,0.28264,0.064284,0.17228,0.12696,-1
0.18552,0.54216,0.063519,0.30508,0.15907,0.12421,0.67229,0.18584,0.56877,0.23072,0.22876,0.007795,0.11401,0.39774,0.18264,0.18937,0.16039,0.19936,0.14626,0.053983,0.058754,0.10018,0.1821,0.065255,0.11837,0.14207,0.041,0.092055,0.06065,0.07378,0.15721,0.084517,0.078993,0.077521,0.064346,0.059393,0.063889,0.098488,0.12019,0.14211,0.030073,0.074146,0.071553,0.075213,0.10127,0.16838,0.12888,0.13659,0.03631,0.1465,0.091408,0.17831,0.13817,0.064824,0.10044,0.069633,0.20053,0.15925,0.2043,0.10603,0.092732,0.10762,0.11983,0.097808,0.1089,0.15851,0.13403,0.12052,0.22888,0.22161,0.15795,0.097237,0.20448,0.07959,0.1272,0.080874,-1
0.17943,0.28066,0.13619,0.074098,0.12419,0.17735,0.71219,0.19978,0.32144,0.12864,0.12317,0.23469,0.26184,0.51421,0.068417,0.21042,0.20727,0.18751,0.21835,0.11856,0.12762,0.069858,0.093039,0.12568,0.12841,0.073391,0.051495,0.082705,0.067613,0.092626,0.037638,0.090698,0.062637,0.10393,0.069873,0.063578,0.07959,0.044217,0.061714,0.10113,0.089303,0.095594,0.079294,0.051219,0.068063,0.098533,0.082981,0.081493,0.06567,0.094202,0.090232,0.051718,0.11255,0.10063,0.080158,0.033829,0.11729,0.054334,0.07835,0.093577,0.096393,0.079075,0.14393,0.12416,0.15209,0.11715,0.12261,0.17514,0.18164,0.16895,0.15789,0.12954,0.16938,0.20982,0.062603,0.082626,-1
0.02728,0.44769,0.27298,0.21665,0.12615,0.086176,0.53746,0.079638,0.45255,0.11014,0.12965,0.097733,0.32485,0.17377,0.20231,0.22127,0.019797,0.15931,0.058557,0.21358,0.15676,0.13039,0.052427,0.10031,0.14224,0.17388,0.12088,0.028833,0.064913,0.16912,0.20414,0.036696,0.10401,0.072403,0.19366,0.15426,0.079323,0.06414,0.055399,0.13617,0.13078,0.11295,0.03852,0.058583,0.12416,0.096696,0.084959,0.042964,0.13639,0.071752,0.040008,0.01286,0.10185,0.0394,0.056147,0.046342,0.16275,0.075688,0.090144,0.077598,0.16968,0.072587,0.089031,0.04432,0.10329,0.037762,0.049078,0.03724,0.13327,0.10465,0.076188,0.071513,0.17382,0.16903,0.076655,0.13669,-1
0.070146,0.54403,0.38252,0.37741,0.12869,0.24954,0.28042,0.28518,0.20432,0.17101,0.25596,0.15661,0.15708,0.15994,0.20014,0.14679,0.062363,0.017425,0.10882,0.14302,0.068691,0.075404,0.10533,0.073429,0.11122,0.13491,0.1017,0.085965,0.03325,0.14098,0.17202,0.072286,0.067524,0.062443,0.12645,0.17607,0.10953,0.061779,0.044032,0.079932,0.16045,0.12593,0.028456,0.032664,0.069423,0.13054,0.11364,0.097073,0.038172,0.099351,0.11559,0.10596,0.056509,0.078067,0.10197,0.070331,0.080195,0.070404,0.12412,0.042268,0.092487,0.11087,0.099188,0.094913,0.064497,0.081085,0.10387,0.14599,0.081747,0.051227,0.18164,0.079196,0.22844,0.11656,0.13567,0.16322,-1
0.060125,0.42529,0.13242,0.22093,0.036613,0.008864,0.58562,0.17123,0.40896,0.063085,0.2872,0.044282,0.19671,0.16038,0.18358,0.2531,0.12944,0.18929,0.027183,0.033642,0.16704,0.15354,0.10394,0.15961,0.073935,0.10308,0.035493,0.084574,0.090086,0.1593,0.11594,0.11435,0.1549,0.019977,0.072108,0.11682,0.14877,0.09531,0.072248,0.11112,0.05389,0.082891,0.083781,0.077586,0.019186,0.066159,0.026783,0.033473,0.050331,0.0964,0.11415,0.074027,0.13539,0.090616,0.0465,0.071521,0.007017,0.082295,0.065155,0.040716,0.10955,0.071091,0.1405,0.077603,0.23161,0.00637,0.1171,0.056273,0.20878,0.040687,0.12502,0.23719,0.16071,0.25465,0.13135,0.068647,-1
0.076694,0.17151,0.28123,0.26758,0.2328,0.29649,0.55112,0.12302,0.19953,0.097016,0.26524,0.50697,0.24366,0.18764,0.082296,0.12072,0.32691,0.063132,0.38134,0.16162,0.19654,0.042506,0.18405,0.45166,0.15819,0.12637,0.096387,0.069287,0.26385,0.097112,0.097181,0.17626,0.12995,0.088586,0.14009,0.12824,0.17501,0.11951,0.083132,0.12,0.10913,0.065255,0.042662,0.13127,0.052071,0.032242,0.085689,0.05921,0.11464,0.10382,0.094574,0.046728,0.116,0.076126,0.061985,0.1019,0.13257,0.08959,0.052361,0.017881,0.14121,0.044513,0.072809,0.13088,0.11102,0.12445,0.11177,0.072248,0.24796,0.15905,0.075053,0.12706,0.1919,0.25734,0.17951,0.07077,-1
0.052338,0.22844,0.31529,0.20546,0.17995,0.22317,0.63017,0.099002,0.17897,0.17302,0.32751,0.43223,0.1714,0.35449,0.045772,0.018735,0.10661,0.20228,0.39376,0.18252,0.23241,0.1215,0.24118,0.24552,0.055282,0.078305,0.070206,0.13503,0.073923,0.14482,0.17196,0.17971,0.13249,0.004588,0.084642,0.053022,0.046347,0.098557,0.15182,0.15386,0.15129,0.11607,0.11967,0.094957,0.14754,0.11883,0.146,0.065192,0.093808,0.04003,0.041966,0.067626,0.15635,0.1151,0.11477,0.095447,0.12303,0.060448,0.05665,0.077343,0.14928,0.1274,0.050588,0.1054,0.1209,0.099273,0.12396,0.092355,0.23854,0.17992,0.069438,0.0586,0.16584,0.18658,0.15608,0.027146,-1
0.14536,0.30057,0.059128,0.18456,0.22241,0.074181,0.60251,0.26098,0.37085,0.086204,0.20731,0.11815,0.18534,0.36292,0.11641,0.12409,0.23396,0.26959,0.094771,0.13084,0.076515,0.095665,0.082717,0.17839,0.10599,0.059857,0.082758,0.062889,0.10448,0.03148,0.10373,0.041631,0.11739,0.055599,0.063891,0.058311,0.065134,0.15647,0.046343,0.063199,0.078693,0.064793,0.058426,0.051921,0.0614,0.088305,0.06664,0.05053,0.09481,0.067843,0.05494,0.061211,0.077398,0.076948,0.034294,0.012717,0.066986,0.057704,0.061138,0.099498,0.039258,0.11758,0.089506,0.080781,0.088455,0.088963,0.14565,0.18076,0.13744,0.15822,0.22724,0.20213,0.29969,0.21669,0.13595,0.13387,-1
0.062809,0.1674,0.089816,0.21786,0.19923,0.073444,0.60943,0.28345,0.22118,0.14557,0.28929,0.18825,0.16123,0.44157,0.1038,0.10274,0.15953,0.14048,0.22943,0.10526,0.10188,0.011835,0.10066,0.14472,0.1177,0.16856,0.15124,0.086066,0.038772,0.057079,0.0853,0.032555,0.098605,0.075832,0.14563,0.12808,0.10078,0.056277,0.034949,0.10026,0.12253,0.10364,0.1211,0.049841,0.096323,0.086306,0.073549,0.03685,0.1335,0.10404,0.098562,0.050442,0.058981,0.074748,0.10484,0.055918,0.17012,0.11615,0.11475,0.055619,0.13831,0.075452,0.05478,0.031481,0.14741,0.044665,0.11775,0.16138,0.19452,0.18744,0.16778,0.24,0.2673,0.30996,0.20859,0.086511,-1
0.15999,0.41287,0.13972,0.13904,0.22161,0.086159,0.66329,0.23366,0.44888,0.17454,0.33399,0.25541,0.13096,0.37549,0.078049,0.16001,0.080512,0.2815,0.18957,0.23414,0.14097,0.11758,0.034841,0.090171,0.095793,0.11317,0.24171,0.1377,0.11831,0.082615,0.11888,0.062342,0.023513,0.11126,0.1069,0.15755,0.11,0.13824,0.091849,0.1098,0.084005,0.035111,0.088484,0.080621,0.12429,0.08675,0.097508,0.087119,0.085624,0.03331,0.062461,0.089305,0.13065,0.14934,0.1432,0.11844,0.08827,0.10545,0.041157,0.025903,0.13406,0.10175,0.054326,0.10906,0.052458,0.096982,0.13029,0.10344,0.23192,0.18838,0.14396,0.1685,0.21839,0.16048,0.141,0.093677,-1
0.31488,0.39419,0.35753,0.33238,0.24655,0.38021,0.54888,0.22057,0.33217,0.08457,0.10178,0.31533,0.34723,0.15067,0.051835,0.096712,0.044679,0.16416,0.29395,0.18643,0.09949,0.089847,0.12023,0.071693,0.06012,0.12747,0.12466,0.075067,0.12609,0.10096,0.11037,0.051824,0.1428,0.10418,0.069271,0.084192,0.1541,0.047657,0.14244,0.046374,0.077361,0.051935,0.15534,0.098624,0.092456,0.10212,0.052254,0.12509,0.091904,0.090687,0.086544,0.077009,0.081605,0.13809,0.11038,0.060402,0.1022,0.095641,0.15616,0.12163,0.091843,0.10143,0.097279,0.13727,0.19911,0.12061,0.073756,0.059132,0.024545,0.17031,0.11077,0.058352,0.074846,0.10328,0.20373,0.11199,-1
0.064017,0.21495,0.3175,0.15097,0.27704,0.30998,0.62741,0.11386,0.24065,0.067361,0.24656,0.48744,0.28084,0.33138,0.1238,0.088414,0.25876,0.11189,0.3859,0.15672,0.18084,0.12465,0.16228,0.35114,0.12124,0.12014,0.11769,0.070636,0.17327,0.15504,0.11367,0.15966,0.16962,0.15163,0.1998,0.10291,0.067894,0.079248,0.10598,0.042994,0.11117,0.19772,0.081242,0.096345,0.097303,0.12031,0.063532,0.064511,0.10323,0.090609,0.10855,0.088329,0.10012,0.071119,0.15592,0.13076,0.12787,0.13206,0.091849,0.063103,0.13012,0.13789,0.13864,0.12327,0.15618,0.05527,0.13671,0.13473,0.21947,0.19371,0.11962,0.17983,0.27982,0.16568,0.17464,0.056989,-1
0.26581,0.48786,0.23175,0.26721,0.29367,0.24295,0.63955,0.14323,0.53674,0.21813,0.11624,0.080991,0.22878,0.38964,0.14315,0.12735,0.15855,0.17845,0.086725,0.053478,0.18404,0.13251,0.14811,0.069586,0.14143,0.050631,0.058834,0.17612,0.054282,0.053013,0.10528,0.10903,0.08805,0.036445,0.036919,0.16531,0.03662,0.088744,0.12355,0.091908,0.071322,0.057924,0.15798,0.09314,0.052124,0.039289,0.14778,0.10639,0.012323,0.13091,0.054088,0.029862,0.17623,0.044104,0.033236,0.11897,0.05336,0.08054,0.12193,0.074333,0.049456,0.13415,0.097958,0.20216,0.12736,0.07947,0.20975,0.22054,0.15618,0.26528,0.22009,0.223,0.2964,0.33602,0.23483,0.18285,-1
0.15234,0.32353,0.12954,0.13406,0.38315,0.29495,0.5449,0.20135,0.40447,0.19365,0.12167,0.41457,0.39257,0.26504,0.14606,0.042036,0.17495,0.10739,0.22446,0.091127,0.12948,0.18562,0.20038,0.25317,0.054615,0.13563,0.11632,0.14542,0.028954,0.085376,0.12865,0.092865,0.067848,0.14308,0.14505,0.14744,0.12005,0.030345,0.071856,0.11711,0.075963,0.011777,0.082765,0.10439,0.064129,0.036979,0.039632,0.094463,0.084977,0.034396,0.084307,0.12433,0.062808,0.062147,0.14034,0.123,0.064346,0.1265,0.156,0.15795,0.10073,0.21668,0.16513,0.051065,0.20472,0.22274,0.13004,0.014622,0.29766,0.17941,0.10471,0.051344,0.30474,0.12363,0.081801,0.17933,-1
0.086257,0.40636,0.13294,0.24913,0.31888,0.31563,0.6101,0.089441,0.38856,0.3283,0.18545,0.35068,0.2215,0.37257,0.15573,0.28566,0.11228,0.067027,0.1142,0.10917,0.1809,0.18082,0.25784,0.10003,0.22235,0.16575,0.17965,0.11527,0.032912,0.055033,0.061546,0.18567,0.14991,0.1289,0.14119,0.17096,0.1659,0.22611,0.026178,0.074713,0.027072,0.15338,0.094435,0.081202,0.021041,0.041468,0.083214,0.081274,0.18229,0.093456,0.075861,0.089965,0.07521,0.076453,0.053849,0.12001,0.14605,0.15534,0.062507,0.014459,0.18897,0.056282,0.1153,0.16079,0.23161,0.15213,0.073324,0.05917,0.19375,0.10054,0.19537,0.14532,0.29281,0.093222,0.052981,0.10615,-1
0.21112,0.41473,0.19441,0.14073,0.095882,0.12184,0.69455,0.26888,0.35358,0.13235,0.13164,0.049815,0.13369,0.46531,0.16544,0.20905,0.15324,0.099566,0.021161,0.20649,0.09032,0.18403,0.1646,0.075543,0.075449,0.033485,0.15154,0.094023,0.15928,0.029014,0.10354,0.045326,0.023069,0.069294,0.054333,0.16129,0.071685,0.13713,0.033668,0.061537,0.14516,0.082872,0.13004,0.099416,0.14043,0.043041,0.12481,0.015716,0.14416,0.019967,0.12107,0.11726,0.10371,0.066747,0.067666,0.13084,0.023374,0.14494,0.097543,0.038052,0.14679,0.11287,0.073638,0.08369,0.10447,0.10825,0.17701,0.089101,0.1704,0.10902,0.14943,0.15526,0.20783,0.17786,0.14425,0.066878,-1
0.10003,0.54282,0.026323,0.33966,0.18947,0.15036,0.59246,0.11401,0.5485,0.35791,0.16513,0.18623,0.015948,0.16418,0.21669,0.034937,0.16956,0.16492,0.26936,0.090321,0.13821,0.22842,0.09095,0.10151,0.15133,0.15904,0.08116,0.082259,0.18914,0.090124,0.063169,0.12233,0.13688,0.1261,0.08932,0.13321,0.0654,0.095909,0.15984,0.039406,0.12926,0.12674,0.048341,0.096991,0.021227,0.13923,0.12269,0.16314,0.14612,0.12563,0.082263,0.10771,0.1705,0.13249,0.18071,0.073982,0.038726,0.19391,0.036789,0.089918,0.21571,0.18933,0.15734,0.049539,0.099774,0.091091,0.10644,0.055646,0.12936,0.19507,0.085904,0.044223,0.184,0.10618,0.12017,0.12066,-1
0.11211,0.49656,0.13689,0.19163,0.16205,0.15551,0.67985,0.1385,0.53464,0.2172,0.33418,0.1512,0.055425,0.43495,0.1095,0.1764,0.20523,0.32487,0.084764,0.17131,0.10048,0.13106,0.082752,0.099475,0.16922,0.19992,0.24966,0.17479,0.15274,0.034621,0.093022,0.058601,0.13396,0.16843,0.13796,0.16639,0.17506,0.15194,0.036607,0.075802,0.078045,0.16166,0.15869,0.16799,0.076432,0.040715,0.10119,0.039224,0.11498,0.055391,0.13281,0.082869,0.060613,0.039637,0.049628,0.090699,0.1061,0.13152,0.05916,0.13643,0.090123,0.12032,0.049855,0.069897,0.086077,0.087946,0.14201,0.12857,0.25392,0.12019,0.1382,0.12939,0.20709,0.076729,0.1024,0.070147,-1
0.13061,0.26525,0.28671,0.15822,0.2582,0.32964,0.57678,0.10896,0.36874,0.1524,0.2299,0.41222,0.29232,0.30551,0.099721,0.078203,0.211,0.2175,0.25139,0.16542,0.11714,0.16392,0.30655,0.24614,0.072573,0.095646,0.03582,0.17655,0.10704,0.094275,0.12106,0.16899,0.030052,0.090121,0.077552,0.099857,0.087578,0.082615,0.13309,0.10514,0.098062,0.062284,0.093595,0.16799,0.070123,0.089739,0.10752,0.15672,0.067916,0.1618,0.1227,0.1086,0.06988,0.16279,0.15373,0.12546,0.12928,0.15356,0.16497,0.095409,0.18883,0.13149,0.12979,0.080383,0.20398,0.17606,0.091633,0.064063,0.25512,0.12023,0.056773,0.058597,0.198,0.17718,0.10978,0.12035,-1
0.12599,0.41494,0.125,0.075084,0.15711,0.21209,0.69531,0.23814,0.40251,0.23123,0.22506,0.17565,0.24661,0.4471,0.095188,0.19738,0.25049,0.16413,0.10399,0.09551,0.11123,0.11082,0.087265,0.12827,0.17691,0.23009,0.1299,0.15021,0.15576,0.062366,0.040084,0.08358,0.15349,0.14263,0.14591,0.085157,0.090403,0.13131,0.050168,0.066093,0.139,0.17632,0.14305,0.074511,0.063504,0.10751,0.087624,0.036744,0.14,0.096264,0.056337,0.041483,0.11906,0.036405,0.028243,0.019699,0.12748,0.052102,0.14719,0.13615,0.11946,0.14141,0.038344,0.14057,0.058264,0.18082,0.20358,0.072185,0.29691,0.12671,0.13018,0.16804,0.21401,0.17632,0.033178,0.073796,-1
0.20837,0.47935,0.22012,0.26463,0.23745,0.30922,0.56915,0.22472,0.46873,0.37859,0.15545,0.20979,0.28185,0.26513,0.16465,0.25369,0.19228,0.20972,0.11117,0.19375,0.10618,0.052071,0.20657,0.18986,0.22057,0.1861,0.14311,0.11221,0.13865,0.11169,0.15682,0.10141,0.18138,0.23208,0.13479,0.089517,0.067975,0.16003,0.078603,0.14802,0.14037,0.13888,0.13092,0.19372,0.10274,0.1343,0.045999,0.041422,0.068518,0.073533,0.1256,0.06371,0.15972,0.14334,0.069329,0.091141,0.081122,0.12916,0.11091,0.078009,0.1448,0.053545,0.083581,0.11415,0.15291,0.18696,0.067898,0.072998,0.1248,0.076283,0.11855,0.082134,0.21415,0.042261,0.051378,0.040474,-1
0.17486,0.50234,0.097245,0.24226,0.23272,0.1381,0.65295,0.21572,0.48465,0.32122,0.15716,0.11073,0.089001,0.35287,0.11084,0.16851,0.33334,0.14887,0.094149,0.061763,0.12422,0.13499,0.094359,0.18923,0.089871,0.31235,0.11044,0.086839,0.085872,0.17191,0.1044,0.10602,0.24886,0.10882,0.13235,0.18529,0.078233,0.081994,0.11231,0.11163,0.14508,0.13939,0.22062,0.10692,0.19765,0.085419,0.075695,0.051662,0.066009,0.086855,0.12955,0.070808,0.13956,0.033492,0.010539,0.13864,0.056617,0.15534,0.17346,0.076002,0.20705,0.088602,0.088303,0.092231,0.12123,0.21327,0.091049,0.11624,0.24296,0.16996,0.10572,0.027116,0.21718,0.022191,0.041309,0.049744,-1
0.23422,0.55948,0.2564,0.354,0.34367,0.42632,0.39439,0.27879,0.24553,0.080354,0.11015,0.27346,0.31906,0.20589,0.24774,0.15027,0.061884,0.13127,0.1189,0.044548,0.15219,0.13347,0.12173,0.12309,0.13967,0.10676,0.05433,0.050431,0.10409,0.04039,0.088659,0.12049,0.075808,0.063604,0.10475,0.056452,0.043712,0.078989,0.096851,0.050505,0.086111,0.10151,0.099817,0.02516,0.065911,0.090839,0.097762,0.097958,0.10689,0.0351,0.12284,0.13933,0.093152,0.16389,0.043742,0.15107,0.11651,0.081355,0.22358,0.052347,0.15939,0.16213,0.10209,0.21277,0.037907,0.15344,0.15168,0.1539,0.31739,0.11929,0.2302,0.10534,0.17661,0.43562,0.32237,0.33005,-1
0.26625,0.28856,0.015145,0.102,0.15719,0.099554,0.71198,0.28968,0.27088,0.071042,0.13888,0.20425,0.16048,0.52402,0.16159,0.11307,0.13612,0.035176,0.1163,0.12791,0.09258,0.14013,0.0719,0.16066,0.055737,0.14552,0.081864,0.14824,0.084519,0.095317,0.11533,0.080607,0.12225,0.02426,0.11745,0.07673,0.11261,0.034155,0.08613,0.11962,0.077707,0.071412,0.048417,0.10048,0.066185,0.10046,0.056671,0.088263,0.071329,0.10314,0.078409,0.041313,0.10947,0.071857,0.10487,0.062239,0.1296,0.088283,0.058398,0.077487,0.11474,0.096096,0.03768,0.089082,0.03146,0.079402,0.11217,0.14026,0.091865,0.16971,0.22442,0.19207,0.24888,0.22276,0.11436,0.1177,-1
0.2516,0.35648,0.067035,0.13735,0.14865,0.047941,0.70695,0.29727,0.35544,0.19402,0.16207,0.18019,0.13306,0.47706,0.16836,0.24418,0.24861,0.21225,0.10969,0.13489,0.063198,0.1214,0.19487,0.15124,0.14855,0.097386,0.067049,0.091747,0.044391,0.059391,0.12851,0.16453,0.13867,0.07032,0.026884,0.092008,0.072533,0.061029,0.089332,0.13789,0.15976,0.10888,0.083683,0.053533,0.084437,0.044213,0.093525,0.10977,0.047012,0.057686,0.060222,0.097277,0.092309,0.11572,0.12076,0.07308,0.14167,0.10059,0.048755,0.073226,0.047138,0.043261,0.063049,0.098129,0.087892,0.1308,0.15006,0.12038,0.1811,0.14194,0.1754,0.1968,0.19227,0.17395,0.10016,0.040558,-1
0.092347,0.26989,0.29183,0.15334,0.27386,0.30244,0.60731,0.041998,0.27586,0.070633,0.20163,0.47603,0.3368,0.30838,0.07495,0.074515,0.23911,0.11154,0.3458,0.17085,0.22552,0.12132,0.13087,0.34269,0.11575,0.13244,0.062318,0.025848,0.097918,0.16123,0.10709,0.17774,0.20186,0.12804,0.055369,0.069767,0.051105,0.13626,0.076162,0.1497,0.13381,0.14415,0.14542,0.11401,0.068256,0.094044,0.12152,0.11178,0.069183,0.11862,0.10063,0.044375,0.15672,0.15526,0.06396,0.034187,0.076706,0.004045,0.032263,0.066454,0.13626,0.09949,0.15891,0.12035,0.088299,0.11789,0.15419,0.1607,0.26787,0.20558,0.14121,0.14883,0.25677,0.21152,0.10842,0.028069,-1
0.14086,0.38572,0.081915,0.087916,0.16873,0.092367,0.69828,0.18612,0.45385,0.17555,0.16285,0.18827,0.092727,0.47125,0.08116,0.22173,0.23938,0.2247,0.12075,0.12502,0.11938,0.11018,0.16676,0.18421,0.12029,0.082149,0.081342,0.034388,0.073484,0.099295,0.081227,0.097108,0.14987,0.16477,0.06228,0.074194,0.089217,0.11749,0.091394,0.044928,0.062727,0.083224,0.10108,0.014438,0.083183,0.092957,0.085887,0.071423,0.093801,0.1066,0.048435,0.011167,0.094948,0.077738,0.018235,0.11214,0.075652,0.032608,0.079046,0.14562,0.03794,0.12459,0.19427,0.12873,0.13438,0.15492,0.16144,0.13923,0.20839,0.17351,0.13273,0.12473,0.22414,0.15892,0.047285,0.05289,-1
0.14531,0.46454,0.15631,0.19554,0.25939,0.21848,0.69818,0.11574,0.46008,0.20832,0.26885,0.29608,0.20931,0.54217,0.071683,0.04879,0.24642,0.22406,0.18926,0.16944,0.21068,0.11284,0.1145,0.2158,0.079739,0.12606,0.10297,0.25229,0.12299,0.1095,0.042538,0.09798,0.062749,0.031604,0.16651,0.12541,0.18769,0.066803,0.13302,0.082807,0.073868,0.030368,0.027463,0.11731,0.036517,0.024776,0.065513,0.073823,0.082949,0.13841,0.14808,0.10926,0.13598,0.10246,0.10359,0.034182,0.15304,0.1231,0.042882,0.11139,0.12199,0.15094,0.091778,0.10733,0.026383,0.108,0.12361,0.11243,0.24174,0.16296,0.2146,0.10535,0.23991,0.14176,0.081541,0.12243,-1
0.094835,0.21126,0.13752,0.06207,0.28343,0.17709,0.62481,0.26859,0.2314,0.11119,0.2837,0.26694,0.27666,0.43905,0.01268,0.09415,0.039466,0.11236,0.12709,0.20351,0.18705,0.15111,0.076926,0.030571,0.06365,0.050242,0.021876,0.12258,0.083349,0.21211,0.13045,0.092077,0.062575,0.026849,0.076136,0.032637,0.10745,0.062982,0.063308,0.11002,0.10065,0.10242,0.043973,0.024013,0.19801,0.18504,0.1072,0.073043,0.067294,0.085875,0.045225,0.037604,0.16632,0.15666,0.095338,0.18856,0.070003,0.039019,0.07165,0.12898,0.1382,0.19328,0.25934,0.12806,0.11347,0.15714,0.18475,0.16304,0.31568,0.26976,0.074996,0.054468,0.24101,0.20267,0.03291,0.030629,-1
0.15891,0.34803,0.39094,0.22018,0.4512,0.26992,0.48619,0.32227,0.24797,0.24285,0.20862,0.32501,0.17516,0.36469,0.10091,0.1184,0.15727,0.21688,0.23619,0.14024,0.050074,0.20479,0.050012,0.11885,0.074567,0.19011,0.061308,0.1512,0.12947,0.14667,0.04774,0.077807,0.12839,0.09313,0.095826,0.15064,0.033063,0.060722,0.07666,0.097685,0.044486,0.040284,0.16465,0.038706,0.039994,0.086302,0.050003,0.11766,0.15443,0.012833,0.11041,0.061213,0.055399,0.15748,0.099776,0.17497,0.10573,0.041891,0.12962,0.10621,0.13922,0.19089,0.16842,0.18298,0.096326,0.14386,0.21253,0.03779,0.21942,0.30523,0.038188,0.20873,0.28851,0.060786,0.2299,0.24079,-1
0.20972,0.33953,0.046879,0.15697,0.21807,0.11109,0.64992,0.24919,0.38613,0.22254,0.092158,0.23255,0.18832,0.3732,0.090993,0.097215,0.29341,0.23043,0.18182,0.10742,0.059936,0.09553,0.091976,0.25,0.056347,0.13494,0.042378,0.10181,0.056724,0.059546,0.094749,0.063457,0.10559,0.11393,0.12458,0.040542,0.06819,0.025546,0.092014,0.088307,0.051072,0.10459,0.095783,0.10646,0.10399,0.12344,0.037466,0.050311,0.064214,0.029637,0.023825,0.044115,0.1011,0.022849,0.061667,0.094491,0.07927,0.027941,0.13464,0.18726,0.033154,0.13628,0.15163,0.16024,0.095173,0.22827,0.19442,0.14294,0.21166,0.15138,0.17489,0.091143,0.25032,0.1556,0.039054,0.11079,-1
0.10628,0.6381,0.037668,0.38396,0.1884,0.17023,0.51814,0.17117,0.53051,0.27526,0.16267,0.13973,0.0592,0.028138,0.076142,0.066606,0.030073,0.10045,0.10931,0.074227,0.13289,0.091253,0.15607,0.074427,0.074561,0.18305,0.042983,0.040879,0.06542,0.13414,0.033875,0.071492,0.078577,0.097982,0.14057,0.032703,0.081655,0.054249,0.083576,0.079097,0.02216,0.078745,0.058134,0.07274,0.14919,0.082701,0.065956,0.069802,0.12604,0.058463,0.061325,0.10297,0.049929,0.092231,0.15558,0.11332,0.031003,0.16516,0.15912,0.097128,0.10947,0.1598,0.10541,0.098027,0.2329,0.12343,0.14169,0.08352,0.15932,0.25605,0.12676,0.14047,0.24741,0.17028,0.16318,0.066434,-1
0.073399,0.46159,0.27978,0.24038,0.4895,0.42284,0.38623,0.13569,0.4133,0.038982,0.1829,0.13272,0.27159,0.19832,0.098399,0.16715,0.074778,0.062821,0.16946,0.046741,0.036113,0.16811,0.14201,0.091864,0.10932,0.062058,0.059001,0.059832,0.095461,0.071216,0.055219,0.073624,0.098762,0.079525,0.080274,0.096368,0.023187,0.02814,0.07749,0.021296,0.030723,0.064576,0.0947,0.042558,0.083393,0.082255,0.028334,0.038061,0.017411,0.05407,0.052555,0.063085,0.061571,0.052003,0.075726,0.13367,0.051378,0.042445,0.17533,0.10522,0.12594,0.14755,0.17261,0.18331,0.093413,0.12266,0.2358,0.12089,0.30882,0.17636,0.25954,0.025999,0.060949,0.45822,0.20291,0.065506,-1
0.12813,0.25342,0.23856,0.080711,0.42299,0.34986,0.5,0.10146,0.22485,0.046748,0.13599,0.479,0.38658,0.17386,0.11923,0.12255,0.46272,0.21693,0.10924,0.076322,0.063848,0.11438,0.048291,0.33216,0.12796,0.21849,0.11411,0.084961,0.27184,0.043647,0.13617,0.08086,0.12514,0.1179,0.031202,0.10723,0.10402,0.18658,0.062241,0.091515,0.12563,0.004266,0.11103,0.15319,0.070307,0.15681,0.13859,0.039019,0.074777,0.084646,0.1079,0.032872,0.14781,0.040854,0.099884,0.1187,0.091933,0.10553,0.078361,0.20272,0.089723,0.088735,0.14595,0.074642,0.19657,0.16553,0.21941,0.14305,0.20421,0.21355,0.15275,0.081301,0.22935,0.14289,0.11646,0.049198,-1
0.19663,0.44241,0.058312,0.12558,0.073947,0.082069,0.6589,0.235,0.54872,0.015633,0.15607,0.19397,0.047617,0.29697,0.067233,0.18633,0.039175,0.089064,0.26694,0.16134,0.13211,0.068102,0.11776,0.12669,0.15588,0.086916,0.15766,0.0946,0.050294,0.10556,0.072123,0.16339,0.077778,0.096554,0.1271,0.12029,0.098535,0.053587,0.11654,0.1094,0.14911,0.090907,0.071686,0.069761,0.098586,0.08597,0.016959,0.065799,0.02104,0.074182,0.028564,0.08794,0.020606,0.11126,0.12403,0.071583,0.095877,0.086083,0.12436,0.046648,0.13284,0.037392,0.075579,0.049188,0.099782,0.041936,0.11272,0.098489,0.15738,0.13353,0.11379,0.075318,0.16709,0.17297,0.076908,0.10977,-1
0.23222,0.38104,0.09594,0.085374,0.20377,0.16308,0.64114,0.31668,0.29071,0.16987,0.24458,0.20094,0.27412,0.37391,0.072959,0.12936,0.10837,0.13051,0.10791,0.22054,0.10444,0.10789,0.065916,0.14582,0.091367,0.023948,0.10881,0.05296,0.12495,0.10845,0.14697,0.059302,0.093554,0.025416,0.088667,0.12607,0.08817,0.10924,0.10796,0.109,0.060054,0.085853,0.047446,0.049954,0.1103,0.095873,0.09344,0.05526,0.12578,0.11201,0.14089,0.13689,0.16847,0.16448,0.082694,0.022226,0.10733,0.16503,0.098487,0.061227,0.1073,0.097542,0.1186,0.099118,0.066759,0.058183,0.19345,0.19664,0.31003,0.24185,0.18938,0.10233,0.15331,0.13727,0.17164,0.15717,-1
0.053488,0.15479,0.25081,0.30401,0.21849,0.1602,0.62644,0.14538,0.066045,0.16613,0.25594,0.34053,0.15473,0.34937,0.050168,0.11672,0.21575,0.059482,0.19336,0.14775,0.14786,0.22497,0.13883,0.13872,0.065621,0.18199,0.059014,0.077541,0.16832,0.11161,0.18092,0.12008,0.060678,0.033613,0.1362,0.12878,0.062163,0.17592,0.13961,0.091707,0.11636,0.050306,0.013683,0.048175,0.084508,0.12493,0.059416,0.062258,0.086083,0.081477,0.074616,0.038146,0.1385,0.12283,0.10795,0.096348,0.045183,0.11734,0.10203,0.12761,0.24356,0.076711,0.074866,0.035618,0.056137,0.059179,0.10885,0.20067,0.23886,0.20162,0.11526,0.1952,0.20489,0.29216,0.062845,0.062968,-1
0.10998,0.30148,0.078963,0.32813,0.10724,0.079749,0.64643,0.22841,0.39211,0.18254,0.29669,0.11551,0.22262,0.35669,0.20505,0.20116,0.17391,0.25812,0.017267,0.10569,0.073937,0.075892,0.10447,0.18005,0.1399,0.24109,0.16203,0.068528,0.041754,0.13027,0.15391,0.091248,0.20643,0.099657,0.16974,0.11687,0.057998,0.017881,0.13822,0.11593,0.15967,0.16644,0.097197,0.063769,0.12298,0.12092,0.088378,0.049943,0.15422,0.067316,0.033869,0.014519,0.10008,0.03059,0.053259,0.075194,0.17712,0.098129,0.08528,0.10187,0.14033,0.10682,0.037314,0.049316,0.14624,0.11222,0.022711,0.063822,0.18815,0.11985,0.086596,0.13761,0.11963,0.2654,0.11776,0.10526,-1
0.1101,0.23127,0.27525,0.16487,0.37611,0.38572,0.50103,0.060198,0.25692,0.051187,0.12203,0.46621,0.40099,0.13208,0.20427,0.17177,0.42015,0.25394,0.19055,0.032509,0.065798,0.13277,0.13122,0.32417,0.2161,0.15087,0.23311,0.18323,0.18982,0.13308,0.074605,0.072057,0.1537,0.12733,0.020709,0.17924,0.11134,0.07201,0.1687,0.09397,0.17036,0.17854,0.028486,0.11763,0.10605,0.13398,0.17203,0.13764,0.064623,0.13895,0.088157,0.052848,0.17396,0.090637,0.058567,0.066765,0.18905,0.093416,0.077445,0.1807,0.076028,0.074483,0.12275,0.15219,0.17723,0.23046,0.219,0.10107,0.21803,0.18439,0.22888,0.15602,0.3237,0.16146,0.11471,0.11988,-1
0.111,0.44926,0.098286,0.25183,0.15751,0.20699,0.66838,0.1042,0.47326,0.31807,0.16291,0.10706,0.08526,0.40863,0.20788,0.074846,0.3383,0.12237,0.047113,0.013931,0.12072,0.12428,0.082096,0.24123,0.086912,0.16146,0.15687,0.075723,0.13374,0.089445,0.10264,0.1455,0.16354,0.13324,0.08491,0.086546,0.076621,0.056434,0.14244,0.081926,0.1239,0.037015,0.097968,0.10205,0.11604,0.087964,0.097651,0.082795,0.049035,0.097936,0.099047,0.12865,0.055413,0.14078,0.1305,0.082805,0.092966,0.091664,0.18025,0.10162,0.13973,0.16531,0.096555,0.14178,0.086432,0.229,0.16137,0.029357,0.20809,0.054652,0.11008,0.17197,0.21664,0.13982,0.061438,0.067436,-1
0.13314,0.47489,0.15479,0.15893,0.17008,0.018914,0.60008,0.25706,0.52104,0.17256,0.3339,0.14646,0.20035,0.1989,0.058109,0.13671,0.2148,0.20895,0.10563,0.20819,0.095892,0.02327,0.032636,0.20353,0.10605,0.22579,0.14203,0.12611,0.055365,0.12737,0.031587,0.053124,0.18338,0.080854,0.15973,0.1074,0.16495,0.077314,0.035887,0.018596,0.068268,0.11505,0.14151,0.093636,0.12487,0.13395,0.105,0.07412,0.12223,0.080715,0.041332,0.075682,0.084476,0.15274,0.1587,0.13173,0.071634,0.11662,0.08939,0.035584,0.20243,0.14942,0.085377,0.097624,0.054601,0.069887,0.13237,0.12243,0.25177,0.20335,0.19148,0.10196,0.25663,0.112,0.18259,0.11313,-1
0.064669,0.2562,0.24455,0.21936,0.16598,0.1686,0.68669,0.14702,0.27202,0.15508,0.25506,0.35433,0.14455,0.49077,0.097134,0.1864,0.046579,0.13137,0.4056,0.15339,0.18725,0.044631,0.01073,0.067804,0.12546,0.13869,0.17297,0.1959,0.042571,0.082905,0.13011,0.13022,0.051005,0.1713,0.09569,0.1424,0.12863,0.11126,0.16025,0.12769,0.1316,0.062826,0.089139,0.11226,0.11386,0.054992,0.046059,0.052063,0.064162,0.06042,0.10701,0.097001,0.13694,0.094521,0.12204,0.066691,0.16263,0.085703,0.030875,0.11192,0.11775,0.075185,0.047914,0.098216,0.13184,0.13439,0.089337,0.11652,0.20208,0.16938,0.063893,0.13796,0.17673,0.222,0.10063,0.099884,-1
0.13249,0.43671,0.099056,0.0491,0.12281,0.11095,0.71956,0.19489,0.54023,0.11873,0.20932,0.121,0.090232,0.54426,0.15778,0.25399,0.13242,0.13051,0.071493,0.14066,0.1041,0.086108,0.22315,0.067084,0.1062,0.073367,0.13099,0.04499,0.071269,0.132,0.14863,0.14981,0.05544,0.081085,0.161,0.12678,0.10001,0.093457,0.11155,0.12308,0.085742,0.10195,0.077574,0.041371,0.1096,0.091121,0.04977,0.061493,0.095997,0.071656,0.023662,0.060141,0.078335,0.094285,0.057541,0.070061,0.1059,0.093633,0.097331,0.081247,0.15524,0.067144,0.089508,0.051624,0.15837,0.10143,0.079473,0.11232,0.17765,0.11804,0.076613,0.16344,0.18292,0.17267,0.07301,0.10589,-1
0.11706,0.31598,0.25367,0.095677,0.24312,0.31115,0.62011,0.049952,0.43185,0.12683,0.20736,0.4423,0.36113,0.38703,0.031871,0.048866,0.20523,0.20706,0.31163,0.079508,0.12886,0.15978,0.22157,0.25145,0.15332,0.14478,0.069573,0.079671,0.16101,0.11545,0.10876,0.093519,0.078342,0.052229,0.095351,0.080386,0.090438,0.16404,0.080384,0.081306,0.037158,0.086049,0.14507,0.10164,0.14317,0.10981,0.061359,0.049627,0.12261,0.07919,0.034049,0.025608,0.069903,0.07676,0.07131,0.091949,0.05248,0.08941,0.13731,0.086781,0.083021,0.089979,0.1526,0.12161,0.13104,0.15748,0.18487,0.14066,0.24789,0.12795,0.047576,0.129,0.21409,0.18103,0.13132,0.080988,-1
0.24307,0.44664,0.33446,0.17225,0.036749,0.27628,0.59908,0.11363,0.45383,0.12446,0.20279,0.026357,0.30115,0.24968,0.18059,0.078095,0.089124,0.16916,0.036247,0.12141,0.075039,0.13914,0.13895,0.088063,0.10222,0.11708,0.08345,0.031311,0.14189,0.14948,0.05448,0.030336,0.086639,0.14022,0.10783,0.076597,0.043954,0.088978,0.023494,0.11563,0.10586,0.019602,0.033456,0.063631,0.16935,0.13465,0.08638,0.012938,0.18048,0.087369,0.085778,0.053296,0.12289,0.13473,0.024659,0.040857,0.13286,0.11149,0.028335,0.018992,0.12297,0.074293,0.044611,0.058128,0.091854,0.10097,0.085777,0.079003,0.14337,0.089032,0.074123,0.081497,0.16309,0.11185,0.12845,0.043229,-1
0.17321,0.41414,0.14973,0.087567,0.25831,0.21286,0.69229,0.15504,0.39377,0.14702,0.23489,0.34861,0.29999,0.50361,0.089733,0.11457,0.20019,0.2053,0.27326,0.14759,0.14638,0.084924,0.0793,0.17297,0.099409,0.089367,0.16874,0.23972,0.18372,0.033443,0.043987,0.027478,0.04091,0.042823,0.078818,0.12076,0.10381,0.11118,0.14828,0.058506,0.065492,0.061458,0.09485,0.09864,0.089384,0.062521,0.032839,0.035157,0.073452,0.047889,0.09233,0.13198,0.036475,0.089368,0.11611,0.12112,0.11699,0.16696,0.089225,0.049322,0.063351,0.031543,0.036964,0.061241,0.064606,0.076009,0.17516,0.17377,0.20724,0.17117,0.15936,0.20322,0.23587,0.15698,0.13167,0.067341,-1
0.10082,0.29041,0.26459,0.18276,0.24627,0.25144,0.72274,0.13454,0.24315,0.14072,0.21606,0.30396,0.29285,0.5854,0.06454,0.11872,0.074465,0.10075,0.25453,0.16082,0.18955,0.19382,0.090072,0.067866,0.11,0.051948,0.079356,0.13609,0.17823,0.17916,0.10978,0.087771,0.060485,0.02284,0.069239,0.08587,0.15319,0.09713,0.092276,0.089426,0.096704,0.096396,0.060202,0.083927,0.14454,0.15836,0.10585,0.11498,0.091086,0.087463,0.03029,0.089781,0.15391,0.11389,0.15456,0.16802,0.029913,0.086049,0.096655,0.14838,0.12699,0.21,0.20629,0.087245,0.14012,0.11927,0.15048,0.15229,0.2792,0.20872,0.11,0.093901,0.26063,0.2153,0.034271,0.064195,-1
0.070957,0.49317,0.28988,0.18609,0.34897,0.31713,0.57264,0.027486,0.53265,0.2033,0.27066,0.28799,0.17593,0.32116,0.26344,0.2736,0.16487,0.20285,0.13096,0.083028,0.11703,0.20761,0.31528,0.097642,0.17296,0.17285,0.1592,0.26456,0.12537,0.063123,0.07446,0.030199,0.24799,0.23794,0.16414,0.046772,0.029116,0.2375,0.25944,0.10568,0.044538,0.079579,0.089858,0.24574,0.089679,0.033655,0.11123,0.040782,0.19687,0.15924,0.10155,0.069396,0.098565,0.082127,0.10013,0.097765,0.22192,0.13211,0.054701,0.036766,0.12742,0.15363,0.084657,0.068996,0.14168,0.099349,0.023369,0.059607,0.20675,0.09829,0.1218,0.028125,0.27337,0.042221,0.090037,0.098886,-1
0.20559,0.39574,0.065363,0.13429,0.30764,0.23773,0.61595,0.21669,0.29523,0.26852,0.21302,0.3807,0.3343,0.37792,0.075869,0.069395,0.17711,0.097144,0.20259,0.11626,0.28067,0.24081,0.21566,0.18694,0.048601,0.1065,0.060606,0.15087,0.12213,0.20237,0.17222,0.19899,0.10846,0.21769,0.075739,0.061345,0.072079,0.047456,0.17254,0.10996,0.12463,0.07369,0.1816,0.11154,0.14419,0.12334,0.080803,0.053991,0.05519,0.074582,0.057017,0.043476,0.093254,0.023426,0.082673,0.13536,0.0494,0.073857,0.086489,0.098146,0.15226,0.17865,0.15071,0.11478,0.11642,0.13502,0.16492,0.062109,0.29257,0.21074,0.094605,0.084519,0.21473,0.091982,0.058213,0.056567,-1
0.069565,0.1747,0.31439,0.15253,0.20914,0.30244,0.61301,0.092688,0.27181,0.10182,0.25093,0.47195,0.27447,0.27558,0.062262,0.04607,0.15942,0.12799,0.40723,0.17848,0.21379,0.077833,0.10518,0.29964,0.018904,0.089388,0.15266,0.19169,0.10351,0.090707,0.056496,0.20152,0.16006,0.063734,0.14067,0.15175,0.064649,0.048144,0.19907,0.070323,0.090592,0.065768,0.047449,0.15361,0.045501,0.076814,0.11812,0.065225,0.11204,0.0883,0.14075,0.079247,0.12497,0.076382,0.081243,0.11791,0.15554,0.12226,0.11758,0.12951,0.13651,0.11308,0.076165,0.096212,0.15386,0.13721,0.16249,0.11316,0.24446,0.18002,0.050003,0.081351,0.17581,0.19737,0.1638,0.074526,-1
0.13429,0.46549,0.072573,0.20117,0.29998,0.1431,0.69446,0.15341,0.47523,0.30818,0.22932,0.18551,0.15549,0.46679,0.12893,0.096009,0.25398,0.28394,0.11608,0.0571,0.18409,0.1951,0.13419,0.14216,0.062139,0.19218,0.068854,0.18532,0.2201,0.12128,0.14199,0.18911,0.08701,0.061064,0.1025,0.16374,0.075221,0.084608,0.18342,0.13004,0.19907,0.034678,0.1034,0.089104,0.10116,0.080338,0.091546,0.091499,0.09945,0.11719,0.21258,0.1364,0.083957,0.15212,0.08521,0.11491,0.13159,0.20262,0.18153,0.099347,0.25129,0.14792,0.1182,0.073958,0.18977,0.18542,0.074148,0.08026,0.25621,0.15024,0.09489,0.014873,0.2416,0.082722,0.076614,0.09189,-1
0.15377,0.49249,0.088293,0.23924,0.24222,0.085207,0.64002,0.23067,0.49798,0.20578,0.30481,0.18079,0.14914,0.32236,0.024827,0.18683,0.078669,0.23918,0.18474,0.22811,0.17906,0.1359,0.11164,0.082334,0.13252,0.069053,0.21037,0.12789,0.0664,0.14862,0.069446,0.042095,0.08197,0.15882,0.065868,0.18175,0.12415,0.063618,0.093093,0.098906,0.041257,0.068438,0.1492,0.046609,0.10274,0.17284,0.13867,0.13209,0.081082,0.15144,0.02533,0.074585,0.21028,0.10951,0.1077,0.10487,0.10832,0.017599,0.14215,0.056375,0.13034,0.16765,0.14827,0.14071,0.056132,0.18101,0.10033,0.11094,0.26522,0.23156,0.14247,0.053311,0.25725,0.090864,0.146,0.097319,-1
0.077261,0.24201,0.13082,0.072682,0.19708,0.15687,0.63858,0.24455,0.3183,0.13701,0.32407,0.3057,0.20348,0.44458,0.072379,0.097861,0.063022,0.14549,0.22348,0.21142,0.19601,0.13007,0.146,0.04832,0.055856,0.12315,0.086215,0.14335,0.063891,0.11338,0.11808,0.092597,0.062364,0.044164,0.11995,0.1295,0.13955,0.076049,0.087886,0.083622,0.075638,0.069697,0.035226,0.053494,0.087788,0.06635,0.053763,0.06728,0.11624,0.066434,0.11826,0.13313,0.12231,0.11951,0.10056,0.020893,0.13578,0.12312,0.049953,0.074408,0.16587,0.063798,0.12374,0.13618,0.024292,0.089416,0.1694,0.14457,0.28649,0.21002,0.11583,0.10747,0.17058,0.21534,0.10544,0.023487,-1
0.17662,0.47871,0.15447,0.1629,0.18647,0.1957,0.69272,0.20969,0.47777,0.19945,0.24735,0.17079,0.10168,0.5858,0.1511,0.17012,0.23421,0.24033,0.066098,0.11465,0.068115,0.10626,0.10447,0.18665,0.14053,0.17086,0.11546,0.11216,0.05982,0.091001,0.14608,0.13762,0.20639,0.10347,0.050233,0.077205,0.085351,0.086682,0.061317,0.11458,0.13657,0.15513,0.084935,0.095603,0.073428,0.061469,0.053599,0.043071,0.05141,0.03991,0.055356,0.049289,0.12097,0.097453,0.07675,0.066415,0.12312,0.076539,0.023917,0.049891,0.035379,0.065432,0.045675,0.085072,0.091705,0.13945,0.15326,0.11798,0.20933,0.15088,0.16591,0.14712,0.22945,0.14626,0.13894,0.14675,-1
0.15164,0.3294,0.29249,0.097576,0.31796,0.30383,0.66872,0.1199,0.20553,0.19602,0.18279,0.43279,0.36808,0.50768,0.16901,0.059252,0.039449,0.048733,0.36172,0.20168,0.18701,0.20755,0.054832,0.071927,0.14069,0.13343,0.057341,0.065414,0.13957,0.14228,0.13662,0.13043,0.14115,0.05908,0.18713,0.047004,0.058785,0.061927,0.047489,0.083308,0.11473,0.14373,0.050232,0.078396,0.11999,0.14807,0.12852,0.098398,0.16616,0.16503,0.090946,0.04722,0.19498,0.1147,0.10935,0.090395,0.13327,0.12892,0.11087,0.092453,0.13896,0.17212,0.14904,0.15432,0.13036,0.20088,0.10322,0.072542,0.24073,0.17804,0.20444,0.11126,0.29104,0.12802,0.030286,0.075594,-1
0.14868,0.49712,0.033362,0.22455,0.1994,0.12409,0.67335,0.19183,0.54507,0.26054,0.16648,0.059655,0.045523,0.39254,0.15786,0.17942,0.25183,0.1621,0.1725,0.070368,0.074215,0.15708,0.18428,0.12284,0.084186,0.19286,0.064158,0.041147,0.12099,0.13356,0.1657,0.058605,0.1569,0.079857,0.14987,0.071898,0.075395,0.14755,0.051415,0.11639,0.085035,0.10579,0.049021,0.07875,0.10637,0.035149,0.065089,0.087436,0.081781,0.060094,0.10284,0.11713,0.075456,0.11633,0.15068,0.11151,0.12437,0.14816,0.12447,0.11989,0.14296,0.16736,0.1107,0.10125,0.18064,0.20111,0.13148,0.025883,0.23799,0.11166,0.046551,0.095713,0.22171,0.07683,0.052866,0.068566,-1
0.060259,0.31676,0.32385,0.14249,0.31283,0.34467,0.5498,0.11683,0.2821,0.064033,0.21615,0.43792,0.26706,0.24849,0.2317,0.15804,0.37481,0.15385,0.2344,0.066664,0.10513,0.069909,0.10986,0.30857,0.17844,0.2204,0.13001,0.072092,0.27916,0.046169,0.09821,0.088648,0.093685,0.11098,0.15581,0.10027,0.068436,0.16334,0.16301,0.10024,0.10329,0.004111,0.093744,0.17077,0.10711,0.1337,0.10751,0.12516,0.11599,0.16633,0.094893,0.16074,0.07166,0.083881,0.06273,0.04288,0.19452,0.19429,0.17752,0.1021,0.041727,0.10842,0.11353,0.11857,0.23294,0.13089,0.16611,0.074556,0.22792,0.20253,0.085445,0.13148,0.2562,0.097628,0.086437,0.004572,-1
0.10731,0.5166,0.13045,0.19177,0.11451,0.028305,0.62519,0.16904,0.58545,0.13134,0.26068,0.088334,0.23758,0.27375,0.153,0.28249,0.107,0.15072,0.065854,0.13159,0.090611,0.1095,0.17248,0.12006,0.18529,0.11709,0.14987,0.002936,0.17901,0.19112,0.16294,0.18934,0.13593,0.072057,0.13956,0.071349,0.11147,0.12099,0.062399,0.12131,0.13961,0.1381,0.066552,0.037623,0.18015,0.061741,0.037164,0.054162,0.070384,0.019167,0.041363,0.079773,0.063001,0.12391,0.053757,0.13068,0.13022,0.13952,0.054465,0.036634,0.10359,0.043518,0.057628,0.04647,0.15801,0.10714,0.13208,0.10315,0.22201,0.13433,0.10045,0.2022,0.22576,0.14243,0.12133,0.13352,-1
0.14543,0.33688,0.14233,0.059809,0.3562,0.30309,0.6097,0.16844,0.31533,0.1224,0.18372,0.46047,0.4448,0.31476,0.097989,0.056039,0.2144,0.074172,0.24426,0.18227,0.14708,0.20481,0.16936,0.30091,0.087837,0.12786,0.10861,0.079334,0.083553,0.099915,0.081485,0.084308,0.16961,0.23629,0.071539,0.048636,0.018514,0.055878,0.1305,0.063685,0.12885,0.1506,0.068685,0.056738,0.021409,0.10167,0.13581,0.13476,0.075894,0.081318,0.11348,0.06841,0.17943,0.13529,0.032113,0.059857,0.039916,0.037239,0.071391,0.1627,0.075357,0.13763,0.17406,0.15912,0.081271,0.15076,0.20888,0.19293,0.22206,0.23463,0.14955,0.12033,0.25885,0.17419,0.012205,0.067466,-1
0.083348,0.46112,0.13491,0.040677,0.18978,0.058057,0.63834,0.24424,0.53243,0.12825,0.26692,0.14082,0.17784,0.37299,0.17402,0.17521,0.09461,0.15514,0.12304,0.14441,0.056769,0.086521,0.088257,0.13035,0.12411,0.14501,0.062993,0.02488,0.081176,0.12979,0.1199,0.077422,0.088878,0.083285,0.13829,0.064329,0.021995,0.1117,0.11701,0.1457,0.078689,0.055247,0.091687,0.03051,0.1253,0.15645,0.069869,0.055729,0.12127,0.10465,0.045888,0.079618,0.11243,0.10899,0.11472,0.092654,0.1678,0.16227,0.11789,0.033592,0.17764,0.070293,0.06552,0.004957,0.13251,0.076961,0.14622,0.1274,0.21873,0.16395,0.15665,0.15788,0.28102,0.16805,0.12058,0.1209,-1
0.1871,0.46708,0.013019,0.27352,0.14707,0.10232,0.67016,0.22038,0.436,0.25266,0.29327,0.1249,0.066289,0.40804,0.17396,0.18063,0.22553,0.29237,0.039571,0.14094,0.10656,0.12257,0.17239,0.092591,0.080041,0.20764,0.15769,0.13869,0.051966,0.11614,0.11455,0.029252,0.17259,0.14837,0.19561,0.10108,0.18771,0.092848,0.005197,0.085391,0.035443,0.13488,0.032483,0.13497,0.074491,0.081176,0.05337,0.074,0.10626,0.14262,0.08359,0.044769,0.12604,0.10529,0.10977,0.014604,0.12892,0.053194,0.042734,0.060724,0.11945,0.14208,0.067147,0.13157,0.072004,0.15146,0.10427,0.064197,0.2056,0.13164,0.08956,0.15662,0.16772,0.13348,0.14396,0.12283,-1
0.16643,0.42852,0.12929,0.17272,0.23876,0.12591,0.66942,0.17659,0.39532,0.17359,0.33475,0.26773,0.13303,0.43612,0.10797,0.11127,0.098776,0.3198,0.16617,0.2105,0.15247,0.14292,0.044394,0.10995,0.11341,0.14451,0.2085,0.1636,0.19484,0.025092,0.09424,0.051368,0.074685,0.085,0.1519,0.13574,0.12547,0.13652,0.078068,0.050528,0.033858,0.080313,0.052131,0.10362,0.041018,0.061991,0.021539,0.026504,0.15632,0.095732,0.088433,0.079422,0.05348,0.061526,0.085903,0.066422,0.11671,0.16939,0.11731,0.075435,0.13256,0.093617,0.020222,0.071274,0.080056,0.037601,0.14149,0.15099,0.22514,0.20904,0.15393,0.16459,0.23904,0.13546,0.16122,0.1207,-1
0.15054,0.54621,0.065104,0.26378,0.21459,0.1472,0.66665,0.19283,0.61003,0.26822,0.19985,0.06357,0.05236,0.37768,0.15059,0.17079,0.2583,0.167,0.2003,0.075565,0.059448,0.15571,0.18643,0.16674,0.08453,0.22678,0.10743,0.033831,0.15474,0.064692,0.15173,0.06129,0.22216,0.14787,0.12123,0.087029,0.031779,0.18595,0.065794,0.10846,0.068452,0.13326,0.13952,0.067799,0.083447,0.082722,0.1004,0.14527,0.050279,0.072594,0.13188,0.12457,0.043777,0.097122,0.15474,0.14649,0.12737,0.13693,0.17503,0.12112,0.1465,0.17076,0.10165,0.10823,0.12395,0.17574,0.14201,0.050329,0.23001,0.13931,0.090476,0.059887,0.21944,0.087337,0.049643,0.043183,-1
0.11066,0.27598,0.33897,0.18043,0.23039,0.31658,0.62245,0.030507,0.28225,0.11617,0.23083,0.4475,0.29685,0.39422,0.065829,0.09522,0.16843,0.12507,0.40956,0.19442,0.21855,0.12693,0.12439,0.27758,0.085008,0.078854,0.078756,0.061557,0.099485,0.17899,0.1253,0.18562,0.16523,0.02801,0.069524,0.068405,0.1017,0.076292,0.095518,0.14188,0.1742,0.16485,0.097265,0.077187,0.10877,0.089294,0.080503,0.049781,0.016177,0.07375,0.085299,0.089374,0.17064,0.11919,0.08445,0.06279,0.098017,0.043329,0.054326,0.07039,0.1521,0.10584,0.092253,0.003991,0.089348,0.01669,0.1181,0.13246,0.24868,0.21823,0.090031,0.14559,0.23999,0.20151,0.16862,0.055316,-1
0.13668,0.49845,0.098845,0.24202,0.079835,0.10833,0.68291,0.095386,0.50853,0.21579,0.17111,0.04126,0.061081,0.38258,0.16975,0.19794,0.27362,0.18599,0.12208,0.12491,0.083013,0.2195,0.20346,0.21382,0.082051,0.1308,0.048651,0.069405,0.18502,0.042805,0.1541,0.049069,0.13413,0.084927,0.060076,0.069693,0.067746,0.20212,0.1113,0.058088,0.043335,0.080787,0.097348,0.051187,0.016927,0.1313,0.093624,0.056509,0.073104,0.028748,0.069373,0.051471,0.13202,0.11264,0.061904,0.083421,0.057626,0.058958,0.08051,0.18927,0.070449,0.10992,0.064168,0.11036,0.086257,0.14143,0.17325,0.095306,0.21644,0.087201,0.14066,0.16135,0.18893,0.1139,0.12851,0.031224,-1
0.13986,0.52394,0.060375,0.27445,0.29272,0.15588,0.67641,0.20201,0.55052,0.24077,0.25256,0.12042,0.07837,0.44399,0.076299,0.12523,0.1855,0.22838,0.16427,0.1337,0.2037,0.087569,0.19323,0.10267,0.081062,0.1543,0.10564,0.116,0.12429,0.22376,0.051655,0.063984,0.13869,0.12765,0.072854,0.048351,0.19004,0.034004,0.10906,0.10123,0.036952,0.085497,0.064883,0.14343,0.17988,0.18593,0.12028,0.13521,0.1323,0.068613,0.086458,0.14194,0.15002,0.12193,0.18346,0.14816,0.039648,0.15119,0.1706,0.10315,0.18184,0.19731,0.19,0.12926,0.20067,0.21185,0.11862,0.058411,0.23379,0.19304,0.12998,0.071096,0.31992,0.13604,0.089861,0.067991,-1
0.1573,0.55048,0.23327,0.2863,0.25483,0.26131,0.65576,0.10154,0.52812,0.27819,0.10526,0.11564,0.31323,0.42488,0.15194,0.18512,0.23715,0.036806,0.022602,0.088488,0.075559,0.11291,0.21168,0.16998,0.13397,0.13298,0.044366,0.079873,0.14372,0.12817,0.066111,0.15382,0.14354,0.026904,0.053895,0.077093,0.10258,0.1045,0.19518,0.067016,0.053085,0.081504,0.1234,0.072707,0.094872,0.091471,0.12985,0.085053,0.09566,0.1014,0.11393,0.086669,0.10063,0.1244,0.097704,0.1021,0.14387,0.14968,0.12848,0.118,0.15023,0.1068,0.11265,0.097669,0.13908,0.15967,0.096697,0.12497,0.17746,0.19972,0.12465,0.060461,0.22999,0.1474,0.1337,0.19408,-1
0.13786,0.55314,0.13451,0.33756,0.38693,0.18103,0.56866,0.26444,0.50029,0.13542,0.29387,0.25741,0.13107,0.2309,0.16896,0.18086,0.091496,0.2365,0.23962,0.14637,0.084342,0.1084,0.2212,0.10101,0.20489,0.11381,0.094893,0.032856,0.12862,0.14559,0.077143,0.15099,0.039547,0.12992,0.02995,0.17654,0.10488,0.020706,0.099708,0.084618,0.075514,0.052567,0.18967,0.073003,0.11076,0.1922,0.17626,0.11136,0.11891,0.17744,0.10778,0.12063,0.20974,0.15788,0.15419,0.16131,0.17999,0.093491,0.16543,0.081835,0.10542,0.17086,0.1886,0.091071,0.20032,0.25017,0.17264,0.10112,0.20806,0.22162,0.10746,0.082571,0.41599,0.18718,0.17463,0.044939,-1
0.087793,0.56145,0.14177,0.28767,0.1784,0.18809,0.65293,0.10658,0.64421,0.24126,0.29049,0.051526,0.014009,0.37219,0.18804,0.15877,0.21803,0.21341,0.12165,0.16722,0.11079,0.16394,0.15372,0.10388,0.10436,0.24175,0.16428,0.10151,0.088259,0.091487,0.13486,0.089405,0.2249,0.12213,0.1742,0.085967,0.1579,0.11969,0.057525,0.090912,0.082302,0.22198,0.14055,0.13999,0.028019,0.12068,0.045797,0.10486,0.054752,0.1326,0.12419,0.081178,0.08039,0.043487,0.13466,0.051905,0.16676,0.10422,0.11323,0.13129,0.14224,0.14703,0.05383,0.10292,0.057688,0.10195,0.11223,0.068456,0.23714,0.12035,0.1431,0.1137,0.24607,0.06877,0.04902,0.066425,-1
0.049054,0.30338,0.26224,0.077683,0.19415,0.23046,0.63159,0.18246,0.31487,0.20187,0.33448,0.36541,0.18152,0.44859,0.087159,0.11337,0.076864,0.15301,0.29217,0.18886,0.24828,0.15026,0.25122,0.17534,0.085834,0.053134,0.026934,0.015063,0.033523,0.1865,0.21202,0.19309,0.15191,0.050372,0.080022,0.047716,0.05569,0.028337,0.040924,0.17881,0.18143,0.16841,0.12942,0.14437,0.15036,0.11164,0.11186,0.078634,0.080628,0.048759,0.065761,0.036752,0.18109,0.12121,0.084315,0.09919,0.061252,0.059228,0.074722,0.076554,0.21381,0.13273,0.15892,0.10698,0.12471,0.082873,0.081755,0.13357,0.2496,0.21097,0.056315,0.086911,0.19201,0.1242,0.16018,0.044194,-1
0.21427,0.55266,0.14937,0.29522,0.12075,0.13233,0.63335,0.15612,0.53945,0.17399,0.14199,0.092944,0.12797,0.32329,0.2362,0.11877,0.14943,0.080372,0.19538,0.19457,0.09582,0.16865,0.08285,0.084951,0.02219,0.093783,0.1853,0.08923,0.040779,0.066091,0.089367,0.030763,0.072052,0.18111,0.18673,0.088806,0.053266,0.047608,0.059537,0.087541,0.052271,0.10091,0.074471,0.063498,0.1653,0.06327,0.095788,0.068921,0.074708,0.1109,0.14675,0.12022,0.025881,0.18707,0.076429,0.12245,0.15077,0.056256,0.11937,0.066525,0.16508,0.094573,0.10675,0.094552,0.058836,0.18652,0.14027,0.16373,0.12511,0.20943,0.16913,0.089436,0.2322,0.12413,0.17696,0.13835,-1
0.13023,0.54402,0.087673,0.25556,0.16091,0.17692,0.64581,0.14816,0.56948,0.25584,0.27661,0.0796,0.044413,0.38246,0.1907,0.13209,0.32163,0.26268,0.084505,0.085752,0.15606,0.17654,0.076195,0.19979,0.036419,0.23244,0.1261,0.20728,0.11537,0.11291,0.10072,0.12056,0.20492,0.14543,0.1256,0.06017,0.18216,0.12717,0.11779,0.044396,0.052751,0.10114,0.16378,0.17975,0.070069,0.069356,0.007039,0.076917,0.05755,0.13466,0.04792,0.043076,0.10065,0.05184,0.075898,0.032765,0.11078,0.023145,0.086523,0.049822,0.079716,0.11799,0.034264,0.1525,0.046975,0.16606,0.14833,0.059015,0.18386,0.068106,0.10531,0.1477,0.21911,0.085503,0.12956,0.1097,-1
0.21215,0.38517,0.35953,0.078838,0.30636,0.3038,0.63392,0.21915,0.30388,0.25432,0.1101,0.39501,0.35755,0.34734,0.09719,0.063322,0.1571,0.34079,0.38366,0.043186,0.075547,0.14627,0.059851,0.093372,0.054326,0.17522,0.17379,0.2367,0.029355,0.04982,0.10342,0.093553,0.025742,0.14728,0.14224,0.10197,0.15867,0.029035,0.013147,0.099766,0.14265,0.036499,0.095217,0.17144,0.11967,0.046171,0.011757,0.13721,0.004544,0.061415,0.12798,0.14587,0.021084,0.080688,0.10922,0.1179,0.067667,0.13258,0.17092,0.15388,0.18184,0.13022,0.10438,0.093197,0.077641,0.16428,0.13741,0.056498,0.23503,0.14569,0.1525,0.082487,0.24985,0.10713,0.050114,0.094687,-1
0.12734,0.38704,0.11688,0.041739,0.43239,0.3183,0.63082,0.076684,0.37446,0.21577,0.12948,0.44366,0.34762,0.49391,0.30516,0.25911,0.27783,0.10867,0.24302,0.14485,0.061521,0.18252,0.25614,0.20315,0.10653,0.10495,0.32045,0.32458,0.061651,0.088778,0.081913,0.19619,0.14235,0.11113,0.065523,0.049172,0.14763,0.21497,0.19958,0.07832,0.11511,0.19095,0.21813,0.1304,0.11713,0.087115,0.10057,0.13412,0.062754,0.12324,0.016904,0.034307,0.12948,0.16909,0.094548,0.039029,0.13595,0.16864,0.082106,0.033981,0.12571,0.12557,0.076339,0.041997,0.17566,0.17526,0.035518,0.050915,0.17104,0.095031,0.13462,0.007784,0.26389,0.033248,0.010821,0.092994,-1
0.13429,0.46549,0.072573,0.20117,0.29998,0.1431,0.69446,0.15341,0.47523,0.30818,0.22932,0.18551,0.15549,0.46679,0.12893,0.096009,0.25398,0.28394,0.11608,0.0571,0.18409,0.1951,0.13419,0.14216,0.062139,0.19218,0.068854,0.18532,0.2201,0.12128,0.14199,0.18911,0.08701,0.061064,0.1025,0.16374,0.075221,0.084608,0.18342,0.13004,0.19907,0.034678,0.1034,0.089104,0.10116,0.080338,0.091546,0.091499,0.09945,0.11719,0.21258,0.1364,0.083957,0.15212,0.08521,0.11491,0.13159,0.20262,0.18153,0.099347,0.25129,0.14792,0.1182,0.073958,0.18977,0.18542,0.074148,0.08026,0.25621,0.15024,0.09489,0.014873,0.2416,0.082722,0.076614,0.09189,-1
0.16511,0.43454,0.023959,0.24486,0.18881,0.090602,0.66057,0.18775,0.41186,0.24463,0.24043,0.13661,0.10381,0.34913,0.12705,0.23544,0.25,0.27225,0.047228,0.10072,0.11197,0.086019,0.14344,0.094167,0.1754,0.23199,0.1359,0.19863,0.13224,0.0482,0.13794,0.059224,0.19076,0.1461,0.13994,0.035542,0.11056,0.071985,0.076755,0.13405,0.1039,0.19667,0.098644,0.14207,0.048304,0.10643,0.098002,0.12568,0.078014,0.10695,0.088151,0.035032,0.13592,0.068086,0.032591,0.022037,0.15655,0.039532,0.099831,0.14737,0.094606,0.090252,0.060417,0.13565,0.066648,0.18439,0.2318,0.10948,0.27757,0.1529,0.091943,0.16587,0.20558,0.14056,0.1103,0.077706,-1
0.16272,0.5541,0.034559,0.26418,0.19864,0.11022,0.62685,0.20119,0.60603,0.24552,0.28148,0.074822,0.1126,0.32989,0.098736,0.19589,0.13837,0.15675,0.10563,0.17706,0.1041,0.074111,0.14115,0.081277,0.1916,0.17932,0.16631,0.055137,0.024733,0.10887,0.10379,0.10482,0.079995,0.075114,0.17243,0.15137,0.076382,0.06735,0.076405,0.1078,0.13318,0.12346,0.092115,0.054378,0.093445,0.043812,0.01933,0.067939,0.1716,0.095665,0.067991,0.058244,0.10871,0.065846,0.089059,0.060477,0.10346,0.071136,0.063935,0.12097,0.16497,0.17255,0.12114,0.10514,0.066783,0.10665,0.096676,0.1527,0.25297,0.21619,0.14961,0.11235,0.23439,0.086889,0.12776,0.13105,-1
0.14376,0.5665,0.11974,0.34023,0.215,0.21824,0.50962,0.071914,0.62121,0.31664,0.20129,0.1153,0.053968,0.14053,0.29846,0.18041,0.083213,0.043407,0.26963,0.19669,0.19882,0.057494,0.070997,0.13023,0.13932,0.14589,0.050266,0.018656,0.082552,0.15982,0.13105,0.070768,0.060261,0.18164,0.13273,0.11469,0.015973,0.076917,0.10584,0.10361,0.076592,0.019737,0.039642,0.081896,0.11616,0.1593,0.013292,0.12281,0.11747,0.1694,0.05143,0.096161,0.080505,0.14684,0.060665,0.098507,0.058905,0.19762,0.05949,0.051625,0.036065,0.16503,0.083199,0.091921,0.047245,0.086451,0.076552,0.054473,0.093393,0.071815,0.058849,0.059108,0.1407,0.080219,0.018146,0.021939,-1
0.17121,0.51342,0.18507,0.26019,0.18715,0.24547,0.6466,0.17093,0.5213,0.2853,0.18046,0.15399,0.25138,0.3608,0.14682,0.028883,0.32419,0.22877,0.079427,0.039516,0.088637,0.089356,0.12106,0.22109,0.031367,0.17126,0.1233,0.19244,0.074666,0.094524,0.13793,0.09237,0.058949,0.12199,0.11412,0.05073,0.030061,0.058478,0.059827,0.13595,0.15226,0.0333,0.037167,0.061877,0.13852,0.13208,0.093316,0.15651,0.046191,0.072684,0.020202,0.10512,0.1205,0.027872,0.15323,0.073964,0.194,0.096671,0.19029,0.17884,0.12323,0.15222,0.019042,0.13252,0.089256,0.20239,0.20106,0.096701,0.24194,0.12291,0.15285,0.084869,0.19856,0.084875,0.067474,0.027104,-1
0.071403,0.31215,0.23533,0.11047,0.44278,0.4138,0.57789,0.1025,0.34259,0.27535,0.021004,0.41577,0.38862,0.31498,0.19229,0.077767,0.41891,0.23188,0.20761,0.13445,0.11246,0.16102,0.11065,0.34204,0.073231,0.11124,0.096012,0.11835,0.27716,0.092144,0.19406,0.19086,0.094613,0.14477,0.11768,0.14944,0.12002,0.040972,0.10747,0.065274,0.070687,0.065839,0.11173,0.19128,0.030681,0.091634,0.12699,0.16392,0.072715,0.18636,0.17502,0.20988,0.051438,0.1847,0.25334,0.17566,0.12732,0.17598,0.1452,0.15361,0.28488,0.23572,0.14053,0.057051,0.21443,0.29309,0.15621,0.064314,0.20873,0.096576,0.11374,0.071594,0.40983,0.13523,0.063633,0.074852,-1
0.14233,0.51747,0.19946,0.2308,0.28502,0.23483,0.68364,0.14379,0.51186,0.20427,0.26686,0.22005,0.14698,0.55384,0.13745,0.10187,0.21848,0.25081,0.11936,0.14442,0.12892,0.086155,0.11025,0.2278,0.045064,0.14119,0.18603,0.12753,0.069984,0.052287,0.10272,0.038838,0.12424,0.22713,0.10709,0.058608,0.095243,0.12884,0.080651,0.033249,0.005238,0.095908,0.08342,0.16117,0.020011,0.068932,0.060511,0.075105,0.081059,0.11045,0.076101,0.084076,0.037923,0.036998,0.10591,0.089302,0.069215,0.088123,0.13601,0.13173,0.13409,0.12862,0.081668,0.10503,0.027731,0.091346,0.071712,0.12746,0.15492,0.14637,0.2477,0.12657,0.29522,0.1794,0.1269,0.18098,-1
0.093537,0.3206,0.23332,0.11901,0.22072,0.19972,0.66702,0.14953,0.34105,0.11372,0.26623,0.38501,0.21716,0.43177,0.039582,0.12983,0.033272,0.16011,0.36838,0.19338,0.20807,0.13388,0.15153,0.091805,0.10626,0.073694,0.11469,0.15765,0.1113,0.10263,0.10633,0.13435,0.072559,0.026593,0.10256,0.11241,0.1319,0.1303,0.15745,0.11479,0.084674,0.087298,0.041448,0.02068,0.064222,0.057455,0.060381,0.083825,0.056254,0.088116,0.10356,0.10803,0.12825,0.1111,0.12709,0.11051,0.14535,0.11358,0.059561,0.020898,0.13239,0.03859,0.056881,0.058934,0.070358,0.062852,0.16072,0.1549,0.25236,0.19837,0.079464,0.16686,0.22925,0.21159,0.13496,0.027749,-1
0.13848,0.45755,0.15783,0.10713,0.32351,0.22313,0.67834,0.13066,0.46377,0.20585,0.26572,0.38787,0.25313,0.48917,0.089094,0.003349,0.19011,0.18865,0.27559,0.15148,0.2453,0.25192,0.14804,0.26055,0.020756,0.089435,0.030915,0.15649,0.22058,0.15889,0.13775,0.1463,0.21725,0.17669,0.026008,0.10245,0.070995,0.089977,0.13687,0.068258,0.076657,0.15541,0.19304,0.12603,0.11577,0.17159,0.091953,0.073186,0.033169,0.067051,0.071739,0.025775,0.16774,0.081558,0.090063,0.12166,0.030741,0.046378,0.072356,0.11252,0.078084,0.1529,0.18393,0.19089,0.11693,0.13391,0.1547,0.13762,0.2143,0.20751,0.19069,0.092752,0.27787,0.06568,0.12119,0.094916,-1
0.11623,0.29947,0.21901,0.042526,0.32066,0.28257,0.60983,0.046124,0.35407,0.13537,0.20687,0.48042,0.34475,0.34042,0.07316,0.018055,0.2474,0.084243,0.30503,0.20108,0.19653,0.17613,0.20023,0.32854,0.11145,0.1252,0.041993,0.097614,0.057241,0.15569,0.15222,0.17351,0.15271,0.1048,0.064475,0.015008,0.058748,0.047752,0.076889,0.11795,0.154,0.14658,0.15143,0.18761,0.12524,0.14936,0.11086,0.040719,0.12285,0.076109,0.062802,0.01588,0.19153,0.079105,0.083979,0.11224,0.031421,0.051078,0.074117,0.16104,0.089393,0.16782,0.18604,0.11913,0.092755,0.15659,0.20185,0.12326,0.29236,0.13869,0.11285,0.13242,0.27048,0.15205,0.079378,0.090023,-1
0.16522,0.35042,0.14511,0.145,0.24317,0.18022,0.63426,0.1694,0.36537,0.29271,0.23613,0.33295,0.26976,0.34003,0.099063,0.064385,0.19523,0.23657,0.1686,0.065358,0.13118,0.27486,0.21226,0.079188,0.057611,0.067313,0.063391,0.16348,0.20202,0.099791,0.16381,0.15321,0.18699,0.096282,0.063761,0.069172,0.062589,0.017124,0.10274,0.1641,0.14385,0.14937,0.12292,0.12655,0.073592,0.073905,0.097896,0.0988,0.07879,0.01881,0.096414,0.10195,0.1044,0.12588,0.16804,0.12764,0.067498,0.10352,0.11431,0.11299,0.1212,0.22452,0.16687,0.071693,0.12664,0.16949,0.11542,0.077897,0.25417,0.10118,0.078383,0.045956,0.18716,0.12615,0.063612,0.095082,-1
0.14189,0.54845,0.031716,0.24515,0.073398,0.13972,0.58582,0.06939,0.66881,0.067481,0.15066,0.22487,0.14175,0.14848,0.082347,0.1412,0.14445,0.072582,0.19997,0.11035,0.132,0.045047,0.04689,0.20978,0.13114,0.10695,0.026509,0.077612,0.16793,0.13533,0.09042,0.071443,0.074813,0.10538,0.12577,0.085328,0.097161,0.072788,0.047058,0.11515,0.10511,0.086667,0.054755,0.028319,0.12048,0.088913,0.079461,0.042962,0.12132,0.085371,0.054746,0.030677,0.11293,0.085908,0.079939,0.046732,0.10459,0.073981,0.064956,0.045124,0.11775,0.073688,0.076932,0.090346,0.13842,0.086895,0.089231,0.13162,0.16285,0.14632,0.10029,0.13822,0.16928,0.10901,0.096105,0.085063,-1
0.06801,0.31084,0.34236,0.11611,0.29538,0.34105,0.56491,0.080112,0.46207,0.11336,0.22913,0.43113,0.29544,0.29005,0.041973,0.051454,0.26009,0.20095,0.23316,0.13513,0.14147,0.19364,0.22117,0.2021,0.13875,0.13533,0.023505,0.11285,0.1414,0.14819,0.21305,0.14072,0.047216,0.13935,0.05337,0.11047,0.10547,0.13928,0.059686,0.10662,0.030912,0.10321,0.20407,0.11959,0.17236,0.064877,0.069032,0.038298,0.13761,0.10379,0.020828,0.092499,0.069556,0.10373,0.10144,0.058655,0.027758,0.052849,0.17224,0.12572,0.16019,0.10734,0.18671,0.084938,0.15787,0.143,0.11678,0.15079,0.21649,0.18097,0.096752,0.11785,0.25045,0.17306,0.087036,0.063233,-1
0.22581,0.47689,0.10623,0.1424,0.16987,0.18338,0.67608,0.24245,0.49295,0.23085,0.089991,0.10225,0.24519,0.41923,0.10527,0.11653,0.3778,0.20061,0.087134,0.11176,0.10597,0.19739,0.069699,0.31494,0.10187,0.14186,0.086975,0.07205,0.16372,0.11038,0.09901,0.063136,0.12816,0.16754,0.084923,0.030485,0.059811,0.12149,0.18326,0.039224,0.053372,0.10753,0.094442,0.071222,0.079004,0.11515,0.078749,0.028486,0.11797,0.081938,0.059648,0.008069,0.1149,0.065365,0.025695,0.059566,0.049576,0.028245,0.073109,0.13635,0.00348,0.13209,0.1243,0.13296,0.10105,0.15722,0.14278,0.092256,0.17916,0.11421,0.1184,0.15715,0.17241,0.11297,0.065399,0.019599,-1
0.061036,0.43112,0.17831,0.12938,0.1159,0.07643,0.53797,0.20811,0.50498,0.08173,0.19177,0.062517,0.24108,0.28147,0.2369,0.19986,0.12637,0.017631,0.051591,0.12697,0.11768,0.17093,0.10375,0.062724,0.082192,0.090189,0.060974,0.071972,0.16191,0.14363,0.16406,0.061554,0.054046,0.02915,0.16176,0.1337,0.08061,0.10051,0.057425,0.10963,0.078653,0.078761,0.032527,0.11029,0.15705,0.092843,0.05652,0.06374,0.15182,0.056927,0.038837,0.034437,0.12798,0.04736,0.079473,0.071539,0.12254,0.09412,0.10891,0.10064,0.20501,0.1103,0.042069,0.042611,0.15015,0.034531,0.070355,0.091649,0.16497,0.11755,0.15428,0.18656,0.23528,0.2128,0.081488,0.13539,-1
0.18102,0.53641,0.27692,0.28826,0.26918,0.23211,0.64127,0.13398,0.48031,0.31576,0.075728,0.083997,0.23595,0.36586,0.11331,0.13876,0.29967,0.052278,0.11371,0.063033,0.19218,0.055552,0.10071,0.2087,0.19163,0.088175,0.086855,0.16774,0.15975,0.093684,0.15179,0.08173,0.048843,0.072637,0.089511,0.031136,0.092387,0.1756,0.098447,0.079832,0.057165,0.064136,0.062044,0.093496,0.11702,0.11827,0.093962,0.099278,0.057273,0.094427,0.040017,0.13904,0.12825,0.028003,0.12343,0.032248,0.062191,0.141,0.090185,0.19663,0.070338,0.16127,0.1845,0.090949,0.18274,0.12582,0.14938,0.1895,0.15104,0.26893,0.19015,0.077125,0.27509,0.12901,0.1543,0.14821,-1
0.15421,0.53435,0.16709,0.28463,0.28288,0.25683,0.65614,0.065158,0.58975,0.3047,0.22372,0.20814,0.15362,0.47901,0.13325,0.16338,0.35009,0.08085,0.10856,0.11575,0.20627,0.073294,0.12793,0.22908,0.14267,0.14825,0.2585,0.17084,0.09236,0.045414,0.10377,0.14515,0.11268,0.20804,0.072687,0.13553,0.12977,0.14126,0.014013,0.010848,0.083539,0.16117,0.12564,0.17241,0.060246,0.11566,0.10859,0.10808,0.013584,0.069139,0.082816,0.10161,0.013531,0.075726,0.12688,0.11134,0.042452,0.05308,0.11578,0.1146,0.097308,0.038469,0.073265,0.12503,0.075058,0.08902,0.12473,0.10623,0.13385,0.096169,0.12577,0.10289,0.21628,0.086143,0.073571,0.10132,-1
0.16793,0.47729,0.056341,0.16596,0.14414,0.13692,0.69901,0.18048,0.52387,0.22843,0.25117,0.1443,0.090716,0.48525,0.1911,0.19627,0.27838,0.24186,0.12775,0.077743,0.024164,0.087867,0.15301,0.24005,0.12244,0.19297,0.092212,0.10232,0.14975,0.074692,0.17478,0.13226,0.21555,0.12418,0.0571,0.03038,0.038389,0.12429,0.079606,0.13316,0.06136,0.14406,0.067662,0.12874,0.055022,0.11751,0.091991,0.085061,0.048724,0.041431,0.10344,0.073527,0.14146,0.089641,0.14524,0.1198,0.14515,0.11105,0.076332,0.12831,0.025765,0.12935,0.11053,0.1302,0.15276,0.17069,0.15273,0.087883,0.21435,0.075909,0.10539,0.089014,0.15508,0.060876,0.070089,0.020437,-1
0.1105,0.59224,0.059471,0.28812,0.044511,0.086361,0.55921,0.06061,0.64972,0.093116,0.14533,0.16448,0.25233,0.11946,0.14438,0.20793,0.053819,0.10449,0.10113,0.15281,0.21925,0.082321,0.087129,0.096567,0.11581,0.17836,0.099595,0.10191,0.10756,0.10638,0.076072,0.041185,0.16881,0.12509,0.15742,0.069979,0.049902,0.085865,0.13503,0.17701,0.12898,0.1208,0.035759,0.068729,0.14417,0.12429,0.092698,0.075945,0.12171,0.1183,0.071447,0.081034,0.0712,0.078828,0.051888,0.025388,0.11002,0.070548,0.08816,0.061424,0.1773,0.10482,0.10749,0.097109,0.19949,0.14536,0.11111,0.13206,0.19693,0.12058,0.074401,0.14893,0.15536,0.084613,0.074924,0.10112,-1
0.066855,0.22565,0.1839,0.15921,0.11908,0.15513,0.68058,0.16959,0.2157,0.20005,0.29157,0.34577,0.12476,0.48655,0.14494,0.11279,0.055377,0.14921,0.40233,0.17431,0.17097,0.054912,0.074805,0.023057,0.11434,0.17095,0.14769,0.087245,0.042137,0.16006,0.11862,0.086878,0.031524,0.1685,0.17242,0.16337,0.073202,0.057004,0.095961,0.11122,0.15896,0.023709,0.047282,0.045185,0.12455,0.039097,0.028644,0.070018,0.13296,0.11665,0.03351,0.05923,0.16914,0.067888,0.007293,0.050595,0.13708,0.071667,0.02404,0.076865,0.12416,0.12772,0.042227,0.021064,0.14964,0.12035,0.042613,0.084492,0.21709,0.13128,0.10057,0.070462,0.060589,0.15393,0.14523,0.19667,-1
0.26868,0.48862,0.26357,0.26829,0.26332,0.22355,0.64905,0.27586,0.38714,0.2959,0.052467,0.22026,0.30176,0.38558,0.1297,0.086283,0.31454,0.13565,0.14818,0.064269,0.16717,0.037604,0.16588,0.22131,0.18459,0.10234,0.1591,0.073398,0.036751,0.17114,0.16826,0.15021,0.061853,0.1377,0.065205,0.054337,0.02741,0.19921,0.13432,0.14515,0.013699,0.11652,0.089644,0.10736,0.094405,0.16901,0.05857,0.064363,0.11688,0.042872,0.021777,0.086653,0.089636,0.11812,0.047605,0.12101,0.027097,0.14749,0.10279,0.14563,0.060538,0.086869,0.1476,0.08407,0.11146,0.2026,0.11922,0.16599,0.19395,0.21616,0.23593,0.055643,0.19565,0.05769,0.069658,0.092629,-1
0.077306,0.1399,0.27142,0.30206,0.15957,0.15374,0.6476,0.15963,0.097307,0.20237,0.30017,0.33965,0.13911,0.41006,0.085259,0.07541,0.21188,0.14681,0.24998,0.1851,0.19064,0.17837,0.11096,0.23931,0.081564,0.14484,0.11791,0.13107,0.30109,0.15926,0.18309,0.082573,0.01283,0.043716,0.099457,0.10129,0.13437,0.17373,0.10616,0.13032,0.12604,0.079555,0.009045,0.11075,0.15666,0.12888,0.1024,0.087042,0.13141,0.048822,0.039422,0.080471,0.14242,0.093707,0.075648,0.10149,0.11269,0.10726,0.043723,0.071052,0.20071,0.088539,0.071059,0.073662,0.10978,0.088328,0.065179,0.1226,0.19964,0.21266,0.070274,0.12519,0.17337,0.27016,0.14373,0.14458,-1
0.2852,0.38387,0.39774,0.43089,0.29817,0.38104,0.48888,0.22165,0.32761,0.099727,0.11483,0.26924,0.28195,0.095962,0.090435,0.12731,0.10979,0.1056,0.23946,0.09338,0.089974,0.13971,0.20298,0.087376,0.1651,0.078636,0.080326,0.075333,0.19702,0.062976,0.16457,0.11283,0.065844,0.040363,0.023965,0.063625,0.10303,0.11951,0.038913,0.067629,0.038464,0.10532,0.057365,0.11038,0.081099,0.07672,0.011395,0.075991,0.07595,0.082187,0.078611,0.027178,0.027537,0.075202,0.08149,0.051544,0.065921,0.065883,0.092584,0.067284,0.12716,0.046255,0.11111,0.13672,0.17656,0.13414,0.022882,0.14225,0.063225,0.21143,0.14751,0.031214,0.064869,0.080616,0.1957,0.05263,-1
0.017944,0.30864,0.15196,0.15488,0.20772,0.1053,0.62573,0.25548,0.38835,0.141,0.2816,0.30833,0.10865,0.35823,0.13338,0.18781,0.088685,0.17113,0.29046,0.18546,0.18736,0.050679,0.031952,0.092899,0.1627,0.18219,0.15687,0.15525,0.12025,0.085038,0.12567,0.070371,0.036243,0.14225,0.13727,0.18183,0.15873,0.12449,0.062263,0.10954,0.14148,0.071813,0.089837,0.14189,0.081828,0.051419,0.068376,0.059986,0.10581,0.039306,0.082696,0.11338,0.09039,0.083664,0.10808,0.082015,0.16393,0.10836,0.060194,0.021081,0.11315,0.039159,0.035795,0.076711,0.10455,0.10055,0.11635,0.13801,0.23504,0.16732,0.12608,0.16079,0.1808,0.18181,0.14095,0.14141,-1
0.27297,0.44897,0.19725,0.15729,0.36651,0.17882,0.67362,0.329,0.34007,0.22438,0.25735,0.35059,0.23411,0.4924,0.07246,0.05815,0.12382,0.20978,0.21773,0.22857,0.23913,0.059261,0.12686,0.059469,0.064855,0.11297,0.15342,0.18866,0.048732,0.17547,0.1873,0.19346,0.058679,0.050369,0.10191,0.12083,0.09468,0.13148,0.15834,0.20408,0.11034,0.06153,0.098884,0.050294,0.2032,0.13104,0.06918,0.064434,0.05718,0.037804,0.097302,0.048107,0.14448,0.18569,0.14698,0.11935,0.089915,0.10724,0.041878,0.006318,0.2397,0.1218,0.11725,0.094574,0.090471,0.099184,0.12233,0.10969,0.16768,0.2244,0.22512,0.1134,0.27446,0.14503,0.16569,0.13655,-1
0.2432,0.3754,0.23208,0.22891,0.21087,0.28592,0.64222,0.29721,0.33482,0.28938,0.070057,0.25032,0.41821,0.31342,0.1793,0.002901,0.28353,0.23053,0.32842,0.045285,0.025458,0.15954,0.1612,0.090938,0.11388,0.11608,0.14679,0.10588,0.098673,0.065683,0.11811,0.26179,0.050189,0.16955,0.13478,0.061731,0.043935,0.049966,0.20162,0.053473,0.16515,0.1123,0.006661,0.02691,0.038016,0.045235,0.1304,0.074248,0.08808,0.091822,0.069169,0.090041,0.045226,0.1401,0.19361,0.073788,0.15658,0.09195,0.10094,0.075193,0.13006,0.16331,0.058527,0.083351,0.12581,0.16384,0.1635,0.020485,0.21396,0.086243,0.071792,0.085884,0.18811,0.040632,0.043707,0.07652,-1
0.12056,0.39176,0.14356,0.065161,0.29647,0.28006,0.64912,0.16168,0.41392,0.18067,0.20688,0.37224,0.35816,0.41145,0.16443,0.019146,0.16474,0.084485,0.23936,0.12004,0.21966,0.31001,0.14525,0.21449,0.039041,0.09605,0.092335,0.04327,0.19302,0.20938,0.23802,0.11207,0.16775,0.21087,0.094973,0.1167,0.073937,0.081919,0.047032,0.16795,0.07943,0.14556,0.21693,0.14856,0.17365,0.10428,0.036438,0.093021,0.0426,0.049875,0.039273,0.07378,0.087578,0.054985,0.12544,0.13293,0.10321,0.10437,0.073834,0.13144,0.11071,0.21308,0.17606,0.080684,0.15496,0.10609,0.14209,0.12952,0.28935,0.18588,0.083383,0.06478,0.24081,0.10065,0.046489,0.054552,-1
0.14915,0.47062,0.10503,0.17122,0.12262,0.038601,0.65556,0.23799,0.4735,0.095717,0.20367,0.074101,0.099623,0.27703,0.14707,0.26984,0.064684,0.15749,0.15566,0.14613,0.1262,0.15873,0.26393,0.020603,0.050787,0.068664,0.1218,0.16376,0.080512,0.065032,0.10201,0.12607,0.019529,0.066724,0.11747,0.14392,0.14466,0.11858,0.17763,0.033336,0.072365,0.098791,0.16567,0.18009,0.081852,0.083344,0.067052,0.071671,0.075157,0.018792,0.093392,0.14293,0.087507,0.10587,0.12737,0.085585,0.052779,0.090959,0.11098,0.042852,0.15219,0.064908,0.037356,0.091247,0.086074,0.11055,0.17336,0.15724,0.21499,0.16625,0.13985,0.17185,0.18733,0.17842,0.091281,0.059097,-1
0.11459,0.13286,0.47166,0.10858,0.24451,0.24879,0.48146,0.11579,0.16878,0.1428,0.2483,0.17358,0.11581,0.25344,0.078265,0.05963,0.075337,0.23079,0.12995,0.22258,0.18451,0.030053,0.022541,0.1027,0.072755,0.18375,0.15223,0.030737,0.08843,0.077316,0.10809,0.11613,0.12167,0.10389,0.15939,0.10057,0.10736,0.1005,0.06944,0.16168,0.14496,0.058038,0.001513,0.062357,0.066987,0.036608,0.060534,0.075119,0.12789,0.035893,0.12188,0.13188,0.16953,0.12877,0.066123,0.031061,0.059745,0.10855,0.0576,0.11779,0.177,0.093475,0.12525,0.087456,0.1144,0.052954,0.19225,0.18226,0.24745,0.2504,0.11672,0.11524,0.15675,0.2293,0.22755,0.041036,1
0.26705,0.19234,0.2706,0.084657,0.38232,0.1106,0.37313,0.44322,0.32505,0.056644,0.16689,0.2595,0.28612,0.055898,0.15278,0.1537,0.039978,0.30912,0.17727,0.095594,0.078315,0.26005,0.037769,0.18039,0.068448,0.16739,0.082037,0.16869,0.11703,0.10688,0.10347,0.10673,0.054559,0.15066,0.094602,0.053841,0.072237,0.1278,0.013941,0.092999,0.055254,0.063182,0.058086,0.15463,0.069221,0.088308,0.10975,0.039442,0.084034,0.087569,0.037622,0.022212,0.060151,0.02531,0.044811,0.1864,0.039791,0.071064,0.17614,0.12362,0.11688,0.15692,0.11005,0.10881,0.11082,0.14053,0.20167,0.18828,0.22459,0.24776,0.20931,0.088843,0.29635,0.21627,0.040834,0.16483,1
0.14614,0.15386,0.30184,0.10678,0.24186,0.17798,0.46498,0.38835,0.20017,0.12895,0.058151,0.13233,0.22795,0.3146,0.075017,0.089864,0.15061,0.11745,0.069115,0.038925,0.17105,0.08889,0.063311,0.124,0.11251,0.098019,0.058855,0.15617,0.13688,0.12493,0.041566,0.093484,0.090007,0.11942,0.052058,0.040356,0.07927,0.094209,0.064304,0.035751,0.080302,0.034734,0.077587,0.006974,0.083234,0.063826,0.088835,0.019143,0.11447,0.086303,0.031819,0.049189,0.061766,0.073635,0.03019,0.13554,0.07796,0.074137,0.10506,0.08207,0.083665,0.067559,0.14778,0.18572,0.10356,0.18027,0.13881,0.092769,0.072023,0.18684,0.20084,0.14458,0.29297,0.26463,0.13938,0.16427,1
0.11835,0.14407,0.22372,0.036474,0.061603,0.17574,0.50014,0.27679,0.35958,0.084018,0.18779,0.061832,0.062593,0.27322,0.17949,0.086136,0.034693,0.17763,0.17234,0.16586,0.067756,0.036079,0.11636,0.050634,0.079408,0.092056,0.060384,0.03471,0.056767,0.078086,0.14346,0.031865,0.051869,0.068917,0.16055,0.11599,0.073472,0.027917,0.032592,0.1767,0.079652,0.067245,0.043018,0.024581,0.088154,0.086149,0.066349,0.004943,0.087995,0.054759,0.041065,0.027306,0.12042,0.027015,0.067396,0.098787,0.14355,0.094603,0.020334,0.076386,0.088876,0.11803,0.082994,0.071754,0.096184,0.062455,0.047734,0.01978,0.13265,0.06811,0.12345,0.20565,0.26836,0.31416,0.20629,0.16785,1
0.27201,0.27101,0.37929,0.18454,0.46736,0.080235,0.35149,0.41449,0.20483,0.10905,0.20791,0.23114,0.27031,0.091953,0.18774,0.091447,0.14859,0.30735,0.1476,0.10736,0.11721,0.19793,0.11538,0.12572,0.070897,0.060251,0.17842,0.10852,0.06695,0.026714,0.16536,0.069861,0.11519,0.11261,0.17337,0.088573,0.10027,0.027226,0.058912,0.12225,0.086795,0.046691,0.05178,0.11404,0.15446,0.06318,0.014879,0.16101,0.023386,0.030446,0.20067,0.15365,0.052341,0.18173,0.17136,0.036206,0.14817,0.18357,0.071744,0.11856,0.17396,0.094776,0.22899,0.070248,0.11444,0.30008,0.15817,0.17572,0.34839,0.21081,0.16601,0.15009,0.2095,0.15084,0.10408,0.13697,1
0.25319,0.26766,0.3752,0.19384,0.54722,0.066394,0.26837,0.32344,0.31916,0.15915,0.40926,0.14443,0.15863,0.10358,0.194,0.20987,0.20968,0.30376,0.10615,0.18199,0.13215,0.2317,0.21206,0.21815,0.060713,0.22899,0.077515,0.16874,0.30988,0.15747,0.10113,0.16382,0.057094,0.20829,0.090679,0.089146,0.20646,0.063373,0.061553,0.091773,0.14248,0.035049,0.14411,0.10101,0.10883,0.022408,0.14244,0.096549,0.086141,0.13133,0.11793,0.088674,0.027802,0.086914,0.055738,0.12413,0.1436,0.02468,0.16303,0.16728,0.14007,0.08098,0.10678,0.093535,0.032546,0.096897,0.071235,0.17203,0.25566,0.1478,0.22487,0.23987,0.1721,0.2652,0.19929,0.11648,1
0.31665,0.20083,0.31642,0.2196,0.31484,0.14774,0.38258,0.40546,0.21546,0.08225,0.088269,0.16736,0.31787,0.15377,0.12617,0.12764,0.045639,0.13849,0.082408,0.11173,0.083371,0.15102,0.024234,0.063708,0.11161,0.15955,0.082448,0.044333,0.049547,0.15209,0.13074,0.0912,0.045934,0.053472,0.15244,0.11436,0.059324,0.029048,0.098566,0.12429,0.085623,0.045249,0.095659,0.055695,0.1517,0.11701,0.070308,0.066571,0.13662,0.081778,0.086669,0.087964,0.11277,0.092663,0.11775,0.15536,0.1067,0.13794,0.14462,0.023531,0.1386,0.15347,0.057912,0.15264,0.1193,0.10837,0.22098,0.2384,0.17828,0.2863,0.22957,0.11508,0.2874,0.23557,0.064196,0.047411,1
0.28254,0.31025,0.39568,0.17925,0.34155,0.16793,0.3615,0.35035,0.20189,0.060601,0.086696,0.17734,0.3287,0.13714,0.15129,0.097236,0.085283,0.13545,0.113,0.042304,0.072691,0.16445,0.075863,0.048825,0.070125,0.14927,0.12586,0.084084,0.094284,0.10764,0.13223,0.11879,0.086942,0.051654,0.12214,0.12041,0.0662,0.0464,0.13542,0.11102,0.066011,0.058331,0.10535,0.060367,0.11666,0.081864,0.02847,0.046147,0.090564,0.037967,0.040283,0.19482,0.045997,0.029046,0.19596,0.1301,0.011643,0.1867,0.13244,0.13519,0.17109,0.096205,0.15258,0.22231,0.08439,0.20837,0.23083,0.13236,0.25439,0.26822,0.13295,0.071524,0.28406,0.1443,0.022099,0.15578,1
0.30335,0.29157,0.32761,0.28797,0.54622,0.075432,0.33452,0.30635,0.35536,0.17265,0.31507,0.26328,0.21822,0.08519,0.15227,0.096921,0.19256,0.39638,0.14287,0.16369,0.0417,0.068184,0.25148,0.27575,0.079762,0.070532,0.092104,0.089193,0.27915,0.11395,0.075046,0.060405,0.14374,0.1168,0.095476,0.037738,0.11374,0.076744,0.078419,0.022791,0.011194,0.15809,0.090923,0.106,0.085734,0.14755,0.08122,0.070058,0.11781,0.10851,0.12422,0.076015,0.087861,0.1566,0.077821,0.070954,0.22644,0.13859,0.094964,0.064161,0.16811,0.10947,0.1173,0.17763,0.11525,0.25336,0.16086,0.199,0.3712,0.19762,0.16847,0.21905,0.16385,0.17206,0.12856,0.025188,1
0.30143,0.27921,0.33741,0.24857,0.44858,0.096528,0.31747,0.37085,0.33704,0.098283,0.26607,0.20074,0.28256,0.025376,0.23453,0.022051,0.13522,0.32255,0.16713,0.087406,0.083058,0.087004,0.14499,0.25203,0.068561,0.015918,0.098342,0.098882,0.089571,0.10128,0.033337,0.094594,0.099348,0.057993,0.023547,0.053316,0.12327,0.11042,0.088127,0.043782,0.090717,0.10533,0.1572,0.033392,0.070418,0.14625,0.04105,0.12803,0.15341,0.06608,0.17485,0.12058,0.079336,0.19548,0.14933,0.080384,0.14014,0.19662,0.027419,0.076282,0.2207,0.055774,0.18692,0.10806,0.10708,0.25679,0.1606,0.2003,0.33371,0.19788,0.17435,0.1643,0.22774,0.17528,0.056142,0.13148,1
0.24456,0.12755,0.15026,0.13336,0.31785,0.1403,0.47967,0.41324,0.14319,0.069031,0.0701,0.31905,0.18831,0.3034,0.079519,0.2083,0.12678,0.15796,0.17714,0.15765,0.13189,0.16019,0.098138,0.11919,0.093856,0.13144,0.068463,0.15757,0.16999,0.099188,0.040441,0.14146,0.14711,0.070754,0.005886,0.082531,0.1074,0.092075,0.061136,0.084551,0.058373,0.088436,0.090919,0.075815,0.025274,0.12583,0.082576,0.13657,0.1038,0.065459,0.16919,0.089489,0.059278,0.15706,0.073095,0.075481,0.15108,0.042548,0.077483,0.026426,0.042951,0.077243,0.037272,0.18628,0.071874,0.081867,0.27603,0.26374,0.16821,0.30821,0.27404,0.073546,0.32291,0.2546,0.008696,0.051456,1
0.124,0.19733,0.2596,0.0823,0.15397,0.19759,0.48062,0.27454,0.36641,0.14217,0.10631,0.10175,0.20402,0.29496,0.090656,0.040241,0.11287,0.042492,0.10741,0.052719,0.11103,0.065949,0.044328,0.088174,0.063051,0.13416,0.027646,0.017366,0.073532,0.1393,0.080633,0.059842,0.07359,0.004595,0.12399,0.088901,0.066288,0.049404,0.034193,0.083405,0.086397,0.046782,0.071924,0.046036,0.1306,0.041458,0.02435,0.005313,0.078069,0.058717,0.044934,0.12412,0.040529,0.06927,0.054338,0.091285,0.067508,0.075162,0.12532,0.11853,0.10844,0.1019,0.10845,0.14194,0.095588,0.19474,0.14054,0.051356,0.13234,0.12885,0.1536,0.10607,0.31861,0.26915,0.12319,0.13853,1
0.32387,0.29458,0.39933,0.2688,0.39636,0.11685,0.25965,0.35923,0.30561,0.08285,0.24399,0.15748,0.27902,0.11956,0.24378,0.021267,0.10435,0.26631,0.18531,0.046257,0.10323,0.12823,0.10566,0.23289,0.1081,0.081584,0.14085,0.14683,0.07261,0.090176,0.10751,0.079084,0.14097,0.11286,0.070698,0.055664,0.15216,0.035907,0.11515,0.044398,0.1579,0.026062,0.10346,0.018921,0.028924,0.15208,0.18728,0.063066,0.12547,0.1705,0.092676,0.12343,0.12981,0.076832,0.19783,0.12479,0.075287,0.24364,0.1574,0.032413,0.25911,0.15956,0.084898,0.040355,0.13213,0.17871,0.10217,0.13841,0.25388,0.21334,0.14732,0.15937,0.25369,0.19556,0.095434,0.17822,1
0.111,0.19342,0.2842,0.20291,0.10641,0.16262,0.47463,0.30524,0.32193,0.050443,0.14444,0.11131,0.088034,0.18275,0.072285,0.051128,0.071726,0.065837,0.23686,0.10585,0.05232,0.093961,0.047106,0.020458,0.079078,0.094598,0.08413,0.06078,0.089046,0.043008,0.10634,0.082082,0.12702,0.092164,0.058758,0.1337,0.087984,0.10653,0.051016,0.10223,0.10817,0.079267,0.075075,0.096145,0.067108,0.095468,0.061348,0.065858,0.10028,0.065881,0.11089,0.047325,0.12237,0.044279,0.057423,0.065792,0.082073,0.088856,0.023471,0.073619,0.009178,0.070572,0.037168,0.12279,0.065478,0.099976,0.16919,0.13631,0.12079,0.097488,0.19676,0.18999,0.27712,0.27589,0.21382,0.12401,1
0.32677,0.32231,0.36536,0.21671,0.43001,0.10481,0.26956,0.37189,0.29823,0.093998,0.27316,0.19859,0.22022,0.08061,0.20517,0.094088,0.17293,0.2808,0.12574,0.088166,0.13178,0.11263,0.23004,0.22952,0.090734,0.036178,0.23734,0.007804,0.16756,0.036327,0.1743,0.090165,0.13284,0.1104,0.1341,0.11127,0.079956,0.13858,0.097006,0.14499,0.063833,0.16037,0.060573,0.056104,0.056539,0.048699,0.056978,0.089513,0.048017,0.008823,0.10494,0.099884,0.051357,0.11311,0.11929,0.081721,0.10623,0.16262,0.10965,0.10052,0.20114,0.1334,0.19062,0.058958,0.10499,0.24105,0.13039,0.12022,0.30193,0.19349,0.1466,0.15393,0.24445,0.15672,0.094942,0.18684,1
0.1425,0.17369,0.18319,0.14475,0.064954,0.18775,0.51242,0.25896,0.398,0.028028,0.15733,0.063157,0.084891,0.27443,0.11737,0.057968,0.026652,0.13688,0.084642,0.11096,0.035805,0.095974,0.099432,0.069374,0.063836,0.082584,0.1125,0.031195,0.087827,0.077044,0.12596,0.033823,0.019159,0.081603,0.11485,0.080954,0.024436,0.070067,0.031624,0.10611,0.059142,0.087914,0.068108,0.025248,0.079188,0.10036,0.029935,0.056719,0.092711,0.064837,0.042603,0.051506,0.09454,0.045933,0.058215,0.013057,0.11759,0.038949,0.064807,0.16125,0.099814,0.094939,0.091902,0.09179,0.067452,0.053158,0.093311,0.12075,0.12901,0.12171,0.25166,0.20457,0.30845,0.32861,0.11554,0.13357,1
0.15434,0.06329,0.25751,0.14493,0.22473,0.14396,0.48274,0.41725,0.159,0.12304,0.069524,0.15645,0.12219,0.35376,0.06797,0.1195,0.20773,0.052227,0.052484,0.026647,0.16827,0.026368,0.13562,0.25895,0.10586,0.04727,0.080995,0.16017,0.060558,0.099266,0.061159,0.10821,0.050272,0.133,0.026765,0.073465,0.071521,0.14584,0.08374,0.014615,0.088284,0.065477,0.062041,0.022221,0.056548,0.044315,0.10652,0.049536,0.10005,0.088524,0.018374,0.049903,0.047123,0.054635,0.043711,0.070615,0.075896,0.030659,0.079473,0.10574,0.052496,0.025726,0.12252,0.18201,0.088954,0.17323,0.16091,0.11468,0.07786,0.16667,0.23937,0.13985,0.30725,0.28084,0.18895,0.1495,1
0.32868,0.19157,0.24952,0.22424,0.27704,0.16122,0.42738,0.45188,0.14518,0.12225,0.023593,0.1931,0.30162,0.11293,0.079988,0.16587,0.08113,0.068127,0.033019,0.16232,0.091941,0.13425,0.053186,0.14552,0.11486,0.14008,0.042704,0.022121,0.098484,0.14711,0.085345,0.050954,0.083928,0.069517,0.11062,0.089908,0.082208,0.026615,0.057497,0.10423,0.10702,0.061132,0.089738,0.0311,0.10539,0.12259,0.050448,0.13477,0.13699,0.082053,0.15034,0.04171,0.1133,0.15397,0.023197,0.11065,0.16078,0.046822,0.12988,0.13445,0.079087,0.12733,0.11866,0.1406,0.14232,0.097185,0.21575,0.21982,0.14939,0.26869,0.20331,0.13813,0.28105,0.25698,0.10203,0.041481,1
0.2761,0.24085,0.43717,0.19509,0.28553,0.20005,0.35783,0.36605,0.11976,0.1157,0.045042,0.14439,0.25997,0.10487,0.071461,0.15099,0.13271,0.007946,0.026704,0.14314,0.071973,0.091406,0.036834,0.082712,0.079123,0.14593,0.025939,0.057195,0.060862,0.17805,0.068455,0.018778,0.033359,0.085847,0.12676,0.076085,0.019259,0.055595,0.062313,0.12109,0.051938,0.044011,0.025067,0.053004,0.16617,0.15067,0.053635,0.03901,0.17595,0.080074,0.024864,0.1375,0.089889,0.073491,0.16493,0.12023,0.11651,0.15304,0.13636,0.04807,0.12798,0.13947,0.10609,0.15597,0.12355,0.14668,0.22093,0.18427,0.20764,0.26449,0.18087,0.038368,0.27648,0.1889,0.008652,0.11604,1
0.16642,0.13683,0.22867,0.12862,0.19987,0.21486,0.5254,0.33385,0.23506,0.13251,0.11611,0.16157,0.066758,0.41363,0.12496,0.15719,0.090409,0.14688,0.090961,0.11182,0.10416,0.049723,0.1237,0.10529,0.12859,0.023223,0.14015,0.082686,0.092336,0.053876,0.13044,0.092719,0.075847,0.096444,0.11285,0.12052,0.065924,0.065664,0.070202,0.1357,0.052168,0.096042,0.053762,0.086606,0.068346,0.10078,0.018038,0.10562,0.087719,0.084335,0.095299,0.036443,0.12423,0.059772,0.065727,0.062807,0.055296,0.1332,0.039726,0.06787,0.15474,0.022094,0.11179,0.10247,0.09388,0.10716,0.10871,0.1822,0.027026,0.22961,0.26438,0.18749,0.33127,0.25879,0.13059,0.091528,1
0.27283,0.26733,0.35077,0.11775,0.30432,0.20383,0.3419,0.35539,0.20308,0.092243,0.095304,0.28041,0.30998,0.043448,0.12209,0.15249,0.058034,0.18298,0.09588,0.10908,0.089139,0.19556,0.020151,0.061745,0.092319,0.15326,0.12029,0.16414,0.048543,0.11705,0.12995,0.13863,0.069929,0.11529,0.11918,0.12331,0.12079,0.14248,0.023983,0.086993,0.13453,0.1229,0.077676,0.13935,0.086988,0.038341,0.014616,0.035071,0.075133,0.02952,0.004724,0.03914,0.06591,0.040246,0.03772,0.076607,0.071624,0.05839,0.092061,0.13922,0.10472,0.10324,0.10219,0.13137,0.096002,0.085153,0.20497,0.20902,0.17289,0.26593,0.17826,0.10378,0.3191,0.24464,0.012387,0.22069,1
0.31841,0.29129,0.31308,0.13205,0.42693,0.076545,0.35845,0.40077,0.29755,0.085875,0.22594,0.25173,0.22266,0.063304,0.18649,0.054619,0.20311,0.30742,0.094496,0.048426,0.17023,0.12952,0.18669,0.18685,0.13862,0.042757,0.21379,0.022314,0.048731,0.028455,0.17359,0.10592,0.092591,0.11894,0.14417,0.15037,0.072361,0.088094,0.11669,0.17472,0.052603,0.098225,0.1075,0.031171,0.11458,0.071539,0.036935,0.10631,0.050263,0.048566,0.091919,0.1045,0.092,0.07831,0.14465,0.080592,0.067212,0.14896,0.11398,0.1744,0.17325,0.12311,0.23972,0.15491,0.098931,0.28045,0.18894,0.11847,0.32259,0.23444,0.12078,0.095939,0.26131,0.15251,0.066233,0.17734,1
0.2151,0.37179,0.37543,0.18141,0.34744,0.16927,0.30356,0.22901,0.30091,0.17001,0.23129,0.12065,0.29197,0.15899,0.21936,0.19096,0.12305,0.10412,0.20776,0.15611,0.20969,0.12729,0.020579,0.10693,0.14017,0.14946,0.12344,0.046783,0.15152,0.07567,0.14079,0.11754,0.029769,0.10284,0.067864,0.12076,0.11879,0.034027,0.10981,0.042254,0.11806,0.11917,0.062756,0.074878,0.082805,0.075378,0.14001,0.089117,0.022683,0.092758,0.087951,0.11274,0.032582,0.064429,0.14258,0.07549,0.05205,0.075855,0.0824,0.14886,0.089501,0.04148,0.17517,0.14426,0.10977,0.10028,0.10587,0.13186,0.11757,0.094635,0.23273,0.17914,0.25202,0.20766,0.19886,0.17063,1
0.13906,0.22477,0.45975,0.090771,0.2832,0.16875,0.3992,0.22186,0.26219,0.15183,0.33335,0.10113,0.072683,0.14534,0.057707,0.10588,0.17432,0.19688,0.05575,0.10823,0.14133,0.18782,0.10252,0.040083,0.14237,0.032076,0.18324,0.14377,0.063802,0.11903,0.031055,0.071237,0.094002,0.12929,0.18392,0.14223,0.050702,0.15668,0.095185,0.060189,0.10708,0.048852,0.074933,0.075975,0.052258,0.049206,0.003375,0.040474,0.097666,0.11051,0.12912,0.0947,0.11583,0.078758,0.014618,0.03355,0.11894,0.058343,0.12711,0.13735,0.16458,0.15989,0.053412,0.050094,0.093958,0.056371,0.071664,0.17382,0.19716,0.22725,0.16125,0.12726,0.13298,0.21531,0.28108,0.10599,1
0.28722,0.29579,0.43667,0.2309,0.46955,0.075052,0.24071,0.33153,0.26841,0.13671,0.32785,0.14021,0.25905,0.035227,0.25334,0.15096,0.19325,0.30752,0.10238,0.17629,0.059424,0.068648,0.2548,0.27517,0.017341,0.15273,0.11679,0.052379,0.23883,0.18077,0.11523,0.055902,0.12682,0.13952,0.11683,0.053347,0.081449,0.17401,0.10433,0.05655,0.077526,0.16113,0.072646,0.15164,0.10603,0.14401,0.066722,0.045253,0.18121,0.014735,0.10124,0.065923,0.019342,0.1308,0.043598,0.15177,0.16955,0.13515,0.077073,0.10518,0.21413,0.018316,0.061104,0.090855,0.085398,0.15613,0.051771,0.19561,0.28358,0.12922,0.20895,0.21167,0.20264,0.21469,0.15143,0.13493,1
0.30132,0.23034,0.41231,0.24008,0.3543,0.14583,0.28851,0.36815,0.221,0.056866,0.17198,0.14814,0.33452,0.18224,0.22178,0.047283,0.018871,0.17966,0.19461,0.017427,0.12032,0.10856,0.08858,0.091621,0.16624,0.053091,0.086923,0.14514,0.11201,0.022825,0.10591,0.094621,0.096118,0.10764,0.10843,0.046413,0.10884,0.097196,0.032362,0.017538,0.10096,0.095736,0.041976,0.026017,0.11505,0.071286,0.20149,0.084677,0.052375,0.21373,0.054896,0.1136,0.19855,0.044342,0.1833,0.11597,0.026524,0.23228,0.14814,0.007894,0.23827,0.1502,0.058817,0.083504,0.11783,0.1318,0.15946,0.10758,0.20939,0.23579,0.18751,0.089496,0.27838,0.2157,0.089518,0.1227,1
0.255,0.34526,0.38385,0.23034,0.46751,0.11548,0.33176,0.23982,0.26407,0.15579,0.29324,0.19441,0.24853,0.041228,0.26321,0.092489,0.17098,0.27371,0.058184,0.1618,0.10508,0.082895,0.25122,0.18872,0.042215,0.14359,0.11994,0.17238,0.15824,0.16977,0.064471,0.059133,0.19124,0.14975,0.081643,0.020248,0.06914,0.16964,0.1817,0.041194,0.071312,0.11552,0.11922,0.17914,0.1334,0.13429,0.029968,0.087094,0.19395,0.052292,0.15154,0.036088,0.068551,0.17529,0.094295,0.057902,0.18435,0.13502,0.024444,0.055049,0.20517,0.068266,0.13571,0.09593,0.10095,0.23363,0.12168,0.20082,0.32434,0.1613,0.18308,0.17962,0.20104,0.17771,0.10163,0.10438,1
0.29315,0.19379,0.36515,0.24771,0.39985,0.13275,0.36466,0.43039,0.19529,0.032524,0.16014,0.16133,0.24909,0.18291,0.23181,0.10843,0.10087,0.15627,0.13524,0.02293,0.1715,0.18252,0.12474,0.052974,0.1383,0.076729,0.14566,0.11645,0.11665,0.020566,0.14094,0.11062,0.095799,0.044129,0.095824,0.093186,0.078278,0.10502,0.11136,0.090502,0.063699,0.13097,0.04744,0.097963,0.081896,0.070897,0.038332,0.1422,0.068133,0.065143,0.10268,0.1669,0.084935,0.11605,0.18327,0.096734,0.089642,0.2008,0.06426,0.19945,0.23188,0.051345,0.22563,0.15154,0.04908,0.2634,0.21007,0.11475,0.29684,0.2657,0.13383,0.056327,0.23206,0.17978,0.039641,0.063581,1
0.27472,0.20519,0.21891,0.089163,0.29834,0.15119,0.39774,0.41632,0.24839,0.066433,0.077384,0.26758,0.2999,0.07752,0.037904,0.18471,0.044497,0.21229,0.12664,0.15592,0.081417,0.15112,0.05281,0.041775,0.10544,0.14994,0.061258,0.065224,0.14876,0.11413,0.049013,0.065185,0.16257,0.035885,0.051722,0.03728,0.15261,0.067656,0.17073,0.047637,0.14307,0.045586,0.11192,0.021476,0.041262,0.026047,0.11852,0.1095,0.066783,0.13324,0.099539,0.08396,0.12584,0.079195,0.10979,0.069538,0.11619,0.090716,0.048579,0.072035,0.074978,0.055621,0.056303,0.10214,0.063996,0.044297,0.16519,0.2431,0.12701,0.25831,0.2845,0.12008,0.31649,0.29617,0.052317,0.17231,1
0.25012,0.29234,0.35916,0.23637,0.6441,0.072079,0.30641,0.25259,0.25289,0.31062,0.34773,0.16811,0.17104,0.088463,0.17371,0.31221,0.13024,0.31829,0.026307,0.30954,0.20077,0.12181,0.26738,0.089929,0.23163,0.1694,0.088353,0.21513,0.19245,0.10914,0.29357,0.027652,0.082779,0.19507,0.06053,0.2147,0.10454,0.1489,0.16386,0.12835,0.11665,0.18532,0.15247,0.095839,0.1936,0.14135,0.11119,0.018322,0.16637,0.12919,0.15787,0.077634,0.066673,0.21356,0.14333,0.058697,0.071481,0.22223,0.061633,0.10689,0.095225,0.073775,0.14361,0.16949,0.17679,0.14516,0.26837,0.14561,0.27345,0.19691,0.21241,0.18225,0.060675,0.33126,0.22518,0.065566,1
0.35126,0.192,0.18109,0.14863,0.30881,0.14116,0.38489,0.46214,0.29921,0.088979,0.1043,0.24249,0.33913,0.057259,0.11384,0.1424,0.044614,0.22295,0.10065,0.14133,0.11486,0.15515,0.024223,0.074824,0.15031,0.11465,0.07706,0.0915,0.08735,0.10537,0.085325,0.090002,0.026487,0.095872,0.11994,0.10328,0.037341,0.090281,0.071757,0.092102,0.071336,0.11358,0.084202,0.052736,0.13031,0.1011,0.12872,0.16935,0.10055,0.15479,0.19153,0.042455,0.16491,0.16029,0.014287,0.10581,0.14649,0.061147,0.11169,0.080836,0.11424,0.11049,0.06107,0.17794,0.12073,0.11519,0.20783,0.25887,0.17275,0.27358,0.22213,0.15088,0.30293,0.23705,0.082662,0.037353,1
0.29779,0.29161,0.37427,0.2301,0.55968,0.056013,0.25316,0.3823,0.29186,0.18617,0.37085,0.14421,0.19119,0.018702,0.18316,0.20282,0.17654,0.29592,0.20161,0.27869,0.066376,0.10472,0.223,0.22752,0.14694,0.15652,0.10901,0.16758,0.2271,0.085305,0.14409,0.17683,0.07598,0.20014,0.15017,0.12972,0.07251,0.16365,0.12082,0.11766,0.10491,0.0559,0.19783,0.085571,0.13052,0.038932,0.038922,0.006085,0.046505,0.099426,0.029253,0.059779,0.12624,0.11211,0.026833,0.096391,0.20254,0.031888,0.029996,0.11619,0.03183,0.10847,0.035263,0.11135,0.17507,0.19631,0.059305,0.20706,0.39292,0.099179,0.16308,0.27457,0.17651,0.15855,0.14359,0.13098,1
0.30441,0.25626,0.31471,0.19687,0.38695,0.12521,0.36951,0.40481,0.2793,0.036021,0.15114,0.24242,0.3057,0.0914,0.15987,0.11328,0.084813,0.24851,0.14448,0.063855,0.14688,0.15919,0.086508,0.12502,0.12726,0.10831,0.12231,0.10877,0.067431,0.080333,0.13118,0.048998,0.027776,0.10732,0.13419,0.001583,0.048492,0.07244,0.018919,0.033368,0.055591,0.023718,0.04875,0.052457,0.15061,0.042189,0.075218,0.094548,0.061796,0.064276,0.05441,0.22597,0.094998,0.043648,0.20523,0.15832,0.033059,0.20359,0.15391,0.17567,0.17012,0.13764,0.22256,0.18614,0.094334,0.27173,0.22905,0.11928,0.28782,0.25799,0.14145,0.084184,0.25642,0.18842,0.02071,0.14254,1
0.38334,0.29289,0.31934,0.26076,0.37789,0.14872,0.28823,0.40229,0.35846,0.024116,0.17705,0.20799,0.27843,0.16906,0.1339,0.11901,0.091523,0.20458,0.192,0.095047,0.14076,0.14421,0.068035,0.14428,0.15072,0.08525,0.11003,0.17101,0.058992,0.06742,0.11212,0.10864,0.078046,0.13435,0.12062,0.076655,0.089319,0.087271,0.043845,0.058726,0.10891,0.061425,0.034165,0.11703,0.12185,0.029209,0.14737,0.12774,0.042657,0.17231,0.12851,0.014054,0.16277,0.11921,0.026167,0.057287,0.11505,0.06322,0.025024,0.19118,0.094988,0.021897,0.23719,0.24846,0.025621,0.25006,0.24912,0.09547,0.28808,0.25177,0.12239,0.038758,0.25725,0.15659,0.073474,0.19517,1
0.28732,0.24884,0.28754,0.10681,0.38343,0.1015,0.40431,0.3904,0.30981,0.057654,0.17087,0.26354,0.25334,0.096516,0.19827,0.067238,0.1287,0.28501,0.087206,0.007837,0.10818,0.16574,0.15093,0.1118,0.095899,0.11037,0.14731,0.071636,0.049232,0.067728,0.151,0.078643,0.056775,0.10038,0.12994,0.050986,0.12343,0.051579,0.051252,0.034851,0.1458,0.042262,0.012649,0.097882,0.09919,0.079843,0.13327,0.058142,0.04963,0.11915,0.066067,0.16298,0.099949,0.070301,0.22143,0.074812,0.039089,0.23028,0.12489,0.11981,0.22895,0.13887,0.1618,0.10674,0.10814,0.21205,0.18906,0.14444,0.26945,0.24142,0.16185,0.12507,0.28703,0.17088,0.056577,0.18638,1
0.25534,0.22416,0.35191,0.2634,0.21847,0.18976,0.4443,0.30383,0.21298,0.19306,0.1259,0.14461,0.1285,0.08113,0.048357,0.20797,0.14342,0.10116,0.13642,0.20638,0.11116,0.017965,0.087523,0.14678,0.075131,0.12852,0.10506,0.11834,0.046447,0.15398,0.11419,0.090212,0.044454,0.032991,0.077045,0.11007,0.099461,0.086376,0.1298,0.1074,0.1217,0.099545,0.054358,0.070535,0.058177,0.11615,0.093205,0.068178,0.12842,0.061448,0.09923,0.1294,0.038074,0.1405,0.10381,0.0754,0.17267,0.053711,0.10157,0.15067,0.014204,0.14591,0.10585,0.096349,0.15903,0.061741,0.16965,0.20445,0.091677,0.26298,0.23668,0.13993,0.26721,0.26959,0.067834,0.095958,1
0.1988,0.12942,0.38763,0.045368,0.13289,0.11903,0.51818,0.12643,0.27114,0.092896,0.17326,0.06771,0.12472,0.32329,0.1587,0.16926,0.063583,0.15839,0.12777,0.09632,0.16383,0.10396,0.07963,0.057602,0.044871,0.088401,0.058558,0.12669,0.1221,0.088541,0.093099,0.09629,0.076663,0.084957,0.14103,0.11661,0.080009,0.072893,0.05598,0.091109,0.1063,0.089969,0.074989,0.069151,0.067334,0.071524,0.099697,0.058534,0.14124,0.070795,0.094628,0.082879,0.12652,0.085476,0.029811,0.063435,0.061007,0.054778,0.034606,0.097471,0.095084,0.10416,0.11279,0.086497,0.19464,0.10862,0.054436,0.068265,0.16557,0.1117,0.090661,0.22418,0.023539,0.3215,0.27853,0.12051,1
0.29598,0.1942,0.30388,0.20371,0.28306,0.1602,0.41233,0.38731,0.1748,0.086947,0.033406,0.24941,0.31256,0.10143,0.041225,0.17244,0.08045,0.13922,0.08256,0.1457,0.059373,0.16577,0.054503,0.11309,0.057855,0.17162,0.029919,0.037133,0.14873,0.17083,0.043382,0.10348,0.097078,0.062202,0.049748,0.11805,0.038624,0.085,0.11152,0.12627,0.033021,0.10853,0.092215,0.066747,0.03595,0.1566,0.071163,0.045144,0.17074,0.051509,0.10022,0.06507,0.05301,0.11673,0.066342,0.078459,0.13841,0.036294,0.097286,0.072994,0.024349,0.12371,0.020056,0.15184,0.11143,0.069134,0.20231,0.28491,0.12784,0.29322,0.24806,0.14571,0.30894,0.28136,0.019957,0.08427,1
0.2894,0.26094,0.39766,0.17744,0.36227,0.15442,0.35104,0.38408,0.2157,0.064937,0.17062,0.16098,0.29695,0.13388,0.23526,0.065243,0.031741,0.18076,0.10405,0.044001,0.13678,0.14888,0.069105,0.054154,0.17325,0.064806,0.13968,0.16515,0.06506,0.030179,0.12998,0.12563,0.12345,0.046345,0.097141,0.038537,0.14336,0.10269,0.06534,0.042103,0.12285,0.096672,0.090533,0.048177,0.064696,0.10201,0.15173,0.056897,0.08646,0.15548,0.023401,0.19834,0.17406,0.04404,0.19583,0.12723,0.063563,0.22663,0.11735,0.073683,0.24503,0.10436,0.09192,0.17401,0.095215,0.18043,0.16848,0.17465,0.24124,0.24893,0.16981,0.080538,0.26588,0.17318,0.07306,0.12138,1
0.15433,0.20053,0.25134,0.20838,0.17562,0.17023,0.51941,0.31167,0.35495,0.17556,0.14051,0.06173,0.033676,0.24853,0.14224,0.11179,0.032885,0.16807,0.08887,0.15911,0.094615,0.10692,0.06265,0.034717,0.14079,0.045925,0.060787,0.029974,0.073793,0.066855,0.12156,0.044461,0.096672,0.083392,0.16118,0.10213,0.023889,0.079722,0.072464,0.14042,0.061946,0.040527,0.075569,0.036607,0.1224,0.09257,0.032082,0.077605,0.039058,0.034914,0.084717,0.085363,0.11135,0.039283,0.1167,0.13899,0.10134,0.14139,0.12825,0.038426,0.14995,0.024225,0.090908,0.090112,0.10217,0.088593,0.10023,0.17398,0.040387,0.19564,0.23827,0.19802,0.29707,0.27978,0.11049,0.1,1
0.15127,0.22153,0.45529,0.089114,0.32884,0.22836,0.38971,0.25189,0.26983,0.10346,0.31562,0.17686,0.031437,0.1329,0.11241,0.075278,0.17284,0.20637,0.042731,0.17371,0.068742,0.20974,0.094037,0.10065,0.075879,0.02708,0.08112,0.14004,0.12006,0.18616,0.12644,0.027036,0.092964,0.12416,0.05762,0.13753,0.044185,0.10534,0.10125,0.062389,0.13254,0.078131,0.096156,0.059597,0.10207,0.12933,0.12479,0.051681,0.05671,0.081038,0.023201,0.074113,0.12517,0.12178,0.14549,0.13241,0.06636,0.085317,0.11618,0.052308,0.2188,0.17475,0.092038,0.12035,0.024804,0.061236,0.035685,0.17091,0.2265,0.26038,0.20926,0.05138,0.20215,0.18798,0.24319,0.16963,1
0.36296,0.24565,0.30803,0.29219,0.4305,0.11461,0.27813,0.42135,0.34035,0.038379,0.2352,0.16993,0.24765,0.1833,0.23821,0.060267,0.1076,0.18895,0.23093,0.066283,0.19195,0.10119,0.082781,0.16021,0.18094,0.025653,0.12979,0.12041,0.043659,0.11036,0.12251,0.038229,0.034786,0.088125,0.08649,0.12532,0.04708,0.038346,0.067288,0.18414,0.016594,0.076086,0.046664,0.083527,0.037031,0.17163,0.025924,0.1343,0.16522,0.071541,0.14608,0.057675,0.1378,0.15065,0.094747,0.11192,0.11544,0.16117,0.094792,0.17905,0.22118,0.0683,0.26527,0.20005,0.038039,0.32375,0.20601,0.11715,0.33605,0.23113,0.098144,0.13517,0.22566,0.1559,0.054861,0.041818,1
0.14515,0.25372,0.40363,0.033421,0.28785,0.20832,0.44437,0.11978,0.36717,0.14689,0.31526,0.17555,0.050067,0.13934,0.096852,0.12987,0.12463,0.1738,0.022261,0.12609,0.1851,0.18352,0.10343,0.11438,0.041451,0.070517,0.14888,0.1636,0.088805,0.097454,0.10113,0.16156,0.085706,0.062946,0.11758,0.052625,0.12393,0.14102,0.12628,0.097527,0.050854,0.059156,0.078827,0.1085,0.086067,0.022588,0.07514,0.036062,0.11161,0.058103,0.10599,0.11149,0.11639,0.085571,0.022368,0.05298,0.099328,0.073461,0.052916,0.11076,0.13419,0.1161,0.078775,0.027215,0.045062,0.043812,0.042149,0.1716,0.16006,0.21775,0.21367,0.11103,0.19954,0.21198,0.24463,0.19432,1
0.25116,0.17866,0.27771,0.19631,0.23203,0.18139,0.47333,0.38727,0.20555,0.16292,0.11106,0.10085,0.1153,0.17911,0.068617,0.18293,0.095225,0.16182,0.091906,0.19568,0.07162,0.043408,0.093566,0.11629,0.076703,0.068555,0.09509,0.072325,0.082951,0.096109,0.12383,0.093722,0.031026,0.055302,0.12961,0.11988,0.059988,0.075689,0.11295,0.14013,0.10826,0.077374,0.04288,0.033927,0.11153,0.067044,0.047164,0.09427,0.094179,0.035083,0.12124,0.12913,0.064148,0.17052,0.083306,0.050809,0.18797,0.060691,0.068421,0.16504,0.062471,0.10456,0.11554,0.15588,0.14725,0.097162,0.18844,0.24899,0.11336,0.30859,0.214,0.14365,0.29781,0.27307,0.047242,0.048784,1
0.17414,0.24372,0.28641,0.11564,0.31934,0.13967,0.42689,0.41364,0.20953,0.17456,0.10483,0.16559,0.19271,0.21731,0.010448,0.16986,0.19015,0.20583,0.15803,0.090146,0.11921,0.095859,0.13796,0.16199,0.10171,0.072548,0.065336,0.033606,0.027511,0.052388,0.10859,0.042116,0.060902,0.08324,0.11705,0.029203,0.038062,0.06078,0.073934,0.038128,0.070418,0.030444,0.024657,0.058286,0.1419,0.023459,0.092826,0.02274,0.003,0.10268,0.04174,0.13508,0.12417,0.046599,0.13307,0.10669,0.076856,0.078867,0.14574,0.20755,0.039024,0.18999,0.18241,0.092143,0.20942,0.10964,0.15244,0.18911,0.1186,0.26645,0.22885,0.10535,0.31617,0.18829,0.13059,0.13036,1
0.2767,0.098641,0.34675,0.242,0.36425,0.19425,0.40816,0.41828,0.17769,0.076821,0.08416,0.15351,0.10728,0.10045,0.22173,0.21962,0.058607,0.095713,0.036072,0.095251,0.16601,0.12208,0.084034,0.068615,0.25544,0.12793,0.086714,0.064804,0.058918,0.057182,0.15388,0.16,0.049229,0.050714,0.17767,0.10555,0.052726,0.12911,0.045926,0.11397,0.13735,0.12751,0.035683,0.061359,0.09458,0.090388,0.028093,0.12388,0.152,0.018499,0.057246,0.15449,0.14115,0.10775,0.058856,0.22478,0.084492,0.11206,0.15438,0.20911,0.22771,0.11249,0.19672,0.1659,0.12079,0.22905,0.19449,0.059904,0.35149,0.17329,0.13584,0.12438,0.2175,0.21542,0.071176,0.14372,1
0.13496,0.14892,0.30154,0.10049,0.21012,0.16982,0.484,0.3833,0.26383,0.15306,0.078134,0.071686,0.12903,0.33151,0.059846,0.07609,0.15644,0.066505,0.10699,0.040798,0.17126,0.08191,0.064323,0.099778,0.1213,0.12476,0.11318,0.12768,0.070199,0.12224,0.095053,0.11571,0.085001,0.11756,0.05579,0.1247,0.041588,0.079985,0.10711,0.12322,0.046354,0.063356,0.11745,0.015509,0.070771,0.062084,0.033154,0.094163,0.097773,0.018255,0.099923,0.035307,0.054961,0.063897,0.082678,0.16277,0.016668,0.12231,0.10372,0.079836,0.1111,0.058612,0.15878,0.19305,0.14579,0.17388,0.11972,0.06279,0.077613,0.17866,0.18307,0.11574,0.3045,0.24273,0.14588,0.14321,1
0.20942,0.20077,0.39186,0.15216,0.60115,0.012594,0.32983,0.3017,0.20789,0.27377,0.31983,0.17895,0.21358,0.092558,0.11367,0.23076,0.1331,0.3277,0.022813,0.23838,0.079692,0.077778,0.25561,0.089481,0.11631,0.14408,0.14744,0.13759,0.1271,0.084595,0.16165,0.16491,0.13256,0.12253,0.15343,0.066525,0.12419,0.16882,0.047071,0.091425,0.1731,0.078117,0.14866,0.053999,0.17708,0.050631,0.13338,0.12201,0.17941,0.06556,0.045309,0.18259,0.095193,0.2196,0.029706,0.18072,0.12837,0.23476,0.091182,0.15297,0.19144,0.15556,0.11007,0.03064,0.15551,0.18861,0.2018,0.11612,0.18684,0.25114,0.22378,0.12974,0.053397,0.36407,0.22506,0.14332,1
0.27255,0.19477,0.29561,0.11675,0.34823,0.13619,0.40248,0.41968,0.23473,0.055152,0.12241,0.23653,0.27896,0.13284,0.16962,0.14127,0.10758,0.24494,0.042417,0.083291,0.14029,0.21534,0.069996,0.011191,0.12461,0.14504,0.14929,0.11729,0.11993,0.12017,0.15152,0.090758,0.052057,0.13178,0.15538,0.067185,0.072287,0.094004,0.095052,0.0601,0.10182,0.058082,0.094768,0.092354,0.14838,0.085583,0.075394,0.038145,0.10122,0.099192,0.051241,0.13447,0.11757,0.047631,0.15193,0.16363,0.06919,0.17878,0.15274,0.051993,0.17589,0.13939,0.07513,0.16305,0.10304,0.13534,0.22519,0.20613,0.20464,0.28965,0.21229,0.068011,0.29092,0.22915,0.039612,0.090103,1
0.30664,0.28753,0.41086,0.18677,0.36344,0.13564,0.31819,0.33092,0.23043,0.039355,0.14466,0.21862,0.2769,0.11992,0.17194,0.10425,0.089247,0.21132,0.12176,0.072907,0.1093,0.17691,0.072353,0.08145,0.089834,0.14629,0.1848,0.11869,0.054844,0.13528,0.20258,0.068623,0.071988,0.13299,0.20798,0.067913,0.10137,0.075525,0.094953,0.066022,0.12739,0.053123,0.1018,0.098974,0.18543,0.11333,0.022589,0.02452,0.12452,0.037997,0.024439,0.10356,0.063337,0.045338,0.15374,0.09608,0.060511,0.17983,0.098819,0.052304,0.18975,0.099083,0.11105,0.12927,0.083004,0.1748,0.18482,0.12445,0.23901,0.27357,0.14096,0.093451,0.2988,0.18264,0.069386,0.18699,1
0.30826,0.29765,0.45901,0.31099,0.44266,0.13752,0.28626,0.30565,0.064591,0.17542,0.20802,0.12712,0.31021,0.21453,0.26772,0.038158,0.05304,0.14325,0.18704,0.12829,0.12786,0.13098,0.008878,0.10303,0.1013,0.005218,0.10089,0.14357,0.040098,0.12956,0.092548,0.03185,0.055683,0.098625,0.059045,0.083779,0.091426,0.050636,0.014173,0.12617,0.065426,0.040527,0.093951,0.049752,0.10854,0.22552,0.12182,0.15531,0.21553,0.17348,0.2041,0.12379,0.15151,0.257,0.11756,0.06015,0.23344,0.19476,0.013833,0.087133,0.26356,0.1307,0.12118,0.13891,0.21113,0.24307,0.13074,0.18096,0.34859,0.14343,0.19361,0.12045,0.1541,0.18976,0.1167,0.088019,1
0.13361,0.33268,0.40412,0.081297,0.34743,0.22923,0.37639,0.23536,0.37337,0.083963,0.31381,0.17027,0.08518,0.067966,0.15837,0.12815,0.12399,0.16698,0.082895,0.067702,0.12866,0.26993,0.093662,0.077312,0.008014,0.10452,0.08455,0.10864,0.1217,0.17166,0.049393,0.14528,0.1592,0.054846,0.067468,0.047241,0.065533,0.057578,0.12757,0.1665,0.15734,0.036227,0.13857,0.073059,0.098067,0.076452,0.098681,0.12599,0.11065,0.068502,0.009439,0.058539,0.14991,0.10229,0.078977,0.13977,0.076952,0.13263,0.047912,0.061084,0.174,0.16528,0.12013,0.08453,0.049538,0.10626,0.094602,0.1038,0.12194,0.21483,0.25676,0.16544,0.27314,0.092114,0.21156,0.26404,1
0.3016,0.26663,0.30937,0.17577,0.47139,0.086027,0.37306,0.40294,0.30589,0.10084,0.24282,0.26749,0.233,0.066456,0.16134,0.086454,0.18434,0.32511,0.19726,0.087369,0.15069,0.099266,0.14463,0.2027,0.12768,0.059185,0.14118,0.031487,0.057464,0.032446,0.1734,0.066019,0.043531,0.040297,0.16537,0.13111,0.10509,0.051253,0.076548,0.19799,0.05119,0.053076,0.090938,0.12682,0.11693,0.075619,0.10153,0.16182,0.092489,0.086005,0.1733,0.092476,0.12478,0.16935,0.091511,0.12113,0.14807,0.11308,0.13084,0.22104,0.14537,0.11024,0.29842,0.16006,0.10568,0.33758,0.18693,0.10956,0.36182,0.21884,0.078739,0.11338,0.22656,0.1059,0.03119,0.15795,1
0.34913,0.32789,0.40115,0.26691,0.42353,0.10116,0.26825,0.34279,0.27042,0.1126,0.26388,0.17912,0.21591,0.097811,0.22264,0.063351,0.16247,0.26201,0.16374,0.11059,0.11252,0.085845,0.20495,0.26061,0.060145,0.041339,0.19817,0.069671,0.15954,0.068325,0.15871,0.04528,0.15776,0.069542,0.15686,0.077551,0.10236,0.088877,0.122,0.11041,0.093085,0.1316,0.052499,0.077694,0.13785,0.081952,0.051293,0.095083,0.067365,0.019573,0.14628,0.11673,0.041217,0.13977,0.17406,0.076353,0.12911,0.17927,0.096821,0.12172,0.20424,0.12105,0.21175,0.085118,0.11686,0.26045,0.16858,0.11521,0.30692,0.21831,0.13759,0.13217,0.24759,0.15135,0.090978,0.16289,1
0.27021,0.28905,0.37785,0.20446,0.52614,0.049284,0.31523,0.36133,0.27413,0.21601,0.31629,0.18128,0.26085,0.057011,0.2207,0.11106,0.1548,0.3673,0.092701,0.2177,0.067699,0.059152,0.225,0.26257,0.10818,0.15483,0.093851,0.09795,0.23796,0.17477,0.020721,0.074918,0.18733,0.1333,0.13823,0.087119,0.05176,0.13525,0.13501,0.080954,0.12698,0.10786,0.077134,0.16143,0.13338,0.012392,0.10204,0.074597,0.083662,0.075114,0.039802,0.17488,0.088817,0.088972,0.1243,0.18457,0.22451,0.020212,0.16863,0.097584,0.13538,0.058365,0.022441,0.14111,0.11981,0.12441,0.1426,0.23739,0.33105,0.10246,0.2615,0.21897,0.14421,0.23604,0.14151,0.10915,1
0.31139,0.29249,0.30874,0.14428,0.4325,0.078384,0.37051,0.34629,0.31347,0.1276,0.23089,0.24504,0.23797,0.073378,0.22221,0.033461,0.17796,0.31696,0.10614,0.050156,0.12055,0.15569,0.19662,0.17666,0.063528,0.051291,0.19344,0.12717,0.071173,0.029365,0.1589,0.092414,0.16405,0.056346,0.12598,0.11066,0.17206,0.059745,0.069234,0.12373,0.1644,0.12333,0.078071,0.05647,0.084643,0.093828,0.048891,0.11779,0.066844,0.056927,0.13142,0.14664,0.044029,0.12923,0.15915,0.04108,0.10021,0.1879,0.090644,0.17019,0.19689,0.11737,0.22748,0.19803,0.13432,0.26857,0.19161,0.15582,0.32925,0.21284,0.15867,0.083324,0.25395,0.14953,0.002506,0.17181,1
0.21342,0.24837,0.29388,0.1778,0.1953,0.18062,0.48235,0.2631,0.33727,0.18315,0.157,0.12876,0.12243,0.18209,0.11891,0.15903,0.099685,0.12967,0.12415,0.19112,0.13956,0.058519,0.065871,0.10031,0.15883,0.061421,0.074843,0.11371,0.051054,0.094384,0.11883,0.13078,0.019946,0.038052,0.13131,0.14805,0.039926,0.06425,0.12264,0.16454,0.11272,0.045114,0.11048,0.050642,0.093204,0.044052,0.026941,0.070072,0.070769,0.058795,0.096578,0.11792,0.12787,0.10223,0.12779,0.011121,0.16172,0.095605,0.054592,0.13302,0.09067,0.08882,0.10778,0.13693,0.14751,0.042852,0.19888,0.23152,0.086952,0.2781,0.2197,0.099751,0.32893,0.23117,0.069231,0.028545,1
0.15036,0.28082,0.43346,0.061943,0.39627,0.21613,0.37709,0.27981,0.33314,0.10843,0.30147,0.1551,0.090759,0.10043,0.21541,0.1378,0.11684,0.16506,0.063337,0.047835,0.15637,0.24765,0.071529,0.04584,0.084056,0.17946,0.11467,0.088541,0.089972,0.091545,0.068863,0.15604,0.17068,0.052515,0.067512,0.087977,0.12367,0.11002,0.088749,0.10995,0.062027,0.089807,0.13308,0.086251,0.071104,0.041774,0.070079,0.059008,0.17956,0.18933,0.12435,0.095498,0.1197,0.057915,0.011506,0.10683,0.11599,0.20021,0.17577,0.059662,0.098156,0.17665,0.10693,0.091339,0.079597,0.15603,0.13059,0.10956,0.10423,0.19168,0.31764,0.17114,0.28573,0.11959,0.23374,0.27414,1
0.302,0.27383,0.38867,0.29346,0.47768,0.097577,0.32082,0.38917,0.21446,0.10774,0.22219,0.17398,0.26179,0.16405,0.19552,0.062373,0.11301,0.24337,0.17381,0.10494,0.13133,0.15763,0.1193,0.10606,0.095384,0.075444,0.13017,0.10618,0.063332,0.07092,0.13176,0.12905,0.067509,0.043549,0.099253,0.15687,0.13491,0.031473,0.060904,0.14698,0.14961,0.00466,0.026219,0.14813,0.043897,0.067939,0.14304,0.15835,0.092556,0.089911,0.20375,0.019968,0.062215,0.231,0.056217,0.17074,0.1778,0.087903,0.17839,0.11592,0.14182,0.15994,0.24954,0.086327,0.1419,0.34733,0.10722,0.16374,0.40346,0.1664,0.13025,0.13408,0.1975,0.11848,0.073413,0.06283,1
0.33121,0.2431,0.27685,0.14291,0.38183,0.088216,0.35273,0.40523,0.3308,0.04215,0.20983,0.23849,0.25871,0.028637,0.16772,0.064318,0.14915,0.33881,0.14245,0.052908,0.1451,0.14904,0.17059,0.22807,0.12086,0.089798,0.16399,0.11915,0.056608,0.076378,0.12752,0.063964,0.11236,0.06778,0.12552,0.060916,0.094416,0.026252,0.065356,0.039286,0.10738,0.044075,0.063612,0.047252,0.12603,0.033239,0.0757,0.047852,0.04612,0.10377,0.046604,0.10012,0.11488,0.05393,0.14781,0.15003,0.061388,0.15652,0.14177,0.058495,0.15142,0.12186,0.096922,0.20914,0.085256,0.15646,0.22576,0.24745,0.22958,0.25792,0.23772,0.084925,0.27846,0.2114,0.031684,0.10634,1
0.26455,0.069511,0.16996,0.17422,0.24953,0.14757,0.46296,0.46604,0.09823,0.16359,0.053564,0.22566,0.19016,0.21243,0.042853,0.244,0.065231,0.074105,0.084985,0.22452,0.023908,0.093986,0.12506,0.11937,0.037354,0.11077,0.12131,0.14232,0.083918,0.097806,0.12998,0.17319,0.12904,0.037068,0.1445,0.17427,0.089889,0.04732,0.054362,0.13716,0.067047,0.063605,0.0991,0.14508,0.14118,0.017539,0.14064,0.063554,0.062472,0.13768,0.048285,0.053121,0.10297,0.086048,0.088187,0.064896,0.17094,0.11849,0.069692,0.089832,0.091495,0.096811,0.14465,0.024453,0.16071,0.10167,0.069324,0.14772,0.076811,0.21767,0.23374,0.19596,0.31537,0.30437,0.081423,0.13998,1
0.302,0.27674,0.37511,0.22061,0.45385,0.078795,0.24475,0.32999,0.34774,0.091194,0.32186,0.14818,0.2387,0.035329,0.23294,0.11998,0.19447,0.30714,0.16183,0.099893,0.0607,0.037473,0.21281,0.30584,0.084421,0.056437,0.054102,0.081486,0.20863,0.15786,0.00964,0.068887,0.045661,0.11224,0.061627,0.055221,0.077022,0.076604,0.11626,0.057442,0.018975,0.066732,0.16019,0.00357,0.078121,0.21407,0.094421,0.09632,0.18811,0.10399,0.12758,0.13529,0.070611,0.14299,0.18026,0.08405,0.13904,0.23623,0.10075,0.055725,0.2657,0.087053,0.12726,0.056379,0.086257,0.2063,0.14507,0.12312,0.27292,0.21796,0.16713,0.12516,0.24688,0.20937,0.08021,0.14234,1
0.34714,0.27586,0.35913,0.30304,0.47472,0.10561,0.28396,0.39596,0.30908,0.10778,0.25908,0.20114,0.2518,0.16584,0.19762,0.081278,0.156,0.28891,0.21829,0.12409,0.19748,0.12335,0.13955,0.20884,0.16101,0.070453,0.18761,0.07681,0.047258,0.12972,0.13772,0.10092,0.14962,0.08511,0.072794,0.18687,0.091398,0.078823,0.08679,0.18966,0.063005,0.15249,0.072741,0.020433,0.021069,0.14951,0.073542,0.11049,0.14747,0.097936,0.11612,0.11807,0.13479,0.12357,0.070962,0.18047,0.13564,0.022752,0.16072,0.23968,0.10079,0.16691,0.27777,0.16899,0.14751,0.33052,0.18961,0.034407,0.37403,0.19881,0.061735,0.076849,0.17493,0.12901,0.020619,0.061261,1
0.36649,0.28174,0.35104,0.29028,0.37922,0.14072,0.2722,0.35647,0.34024,0.025822,0.19533,0.19245,0.28269,0.18949,0.16619,0.080157,0.12016,0.23223,0.18349,0.036211,0.14871,0.14417,0.072062,0.21316,0.13139,0.059979,0.15567,0.16074,0.075471,0.052174,0.1323,0.075622,0.14471,0.13049,0.10614,0.029231,0.13006,0.057886,0.098728,0.013165,0.097315,0.003391,0.1004,0.11692,0.11496,0.044786,0.064989,0.051943,0.056576,0.082879,0.024979,0.1833,0.096475,0.023774,0.17402,0.16118,0.025101,0.1575,0.15219,0.16463,0.15577,0.13921,0.19458,0.21918,0.071547,0.21183,0.23693,0.17186,0.26306,0.2563,0.16365,0.09056,0.25089,0.19157,0.023611,0.12678,1
0.013391,0.13839,0.4159,0.21549,0.3942,0.27514,0.33463,0.32533,0.19154,0.036636,0.23813,0.23561,0.11068,0.039482,0.18797,0.32009,0.19029,0.083863,0.025809,0.080901,0.1279,0.15304,0.086887,0.055663,0.22533,0.073786,0.18178,0.093055,0.089536,0.2023,0.08513,0.17771,0.13749,0.12128,0.13159,0.075968,0.057112,0.09993,0.041096,0.24708,0.20567,0.053168,0.0706,0.13146,0.10028,0.15718,0.090993,0.03528,0.018616,0.1323,0.10459,0.057767,0.19172,0.058853,0.062689,0.010836,0.25911,0.10105,0.13126,0.065287,0.078565,0.029872,0.097605,0.080641,0.25062,0.15456,0.067579,0.1276,0.19859,0.24266,0.095386,0.13054,0.19478,0.2528,0.11724,0.11048,1
0.37818,0.30106,0.29568,0.24986,0.48564,0.10342,0.24838,0.33874,0.36688,0.11096,0.31854,0.22027,0.18796,0.098593,0.18086,0.083957,0.23609,0.31588,0.23336,0.071901,0.16509,0.04832,0.19931,0.26567,0.14096,0.062602,0.13545,0.038469,0.16975,0.13979,0.090628,0.13211,0.092191,0.052058,0.07385,0.15856,0.071168,0.11026,0.073031,0.20148,0.019661,0.098227,0.066201,0.092402,0.016542,0.15367,0.12859,0.026894,0.18336,0.091672,0.10744,0.034559,0.14268,0.12522,0.032202,0.092149,0.14194,0.0957,0.088021,0.18505,0.16119,0.089757,0.24252,0.23831,0.061482,0.32298,0.23552,0.11204,0.34589,0.24837,0.095371,0.043238,0.20648,0.126,0.077883,0.074253,1
0.30149,0.29687,0.37223,0.17159,0.35995,0.1694,0.27434,0.35508,0.2252,0.030366,0.20557,0.19931,0.26272,0.16964,0.19683,0.089587,0.10029,0.2345,0.18782,0.057048,0.12579,0.11395,0.13725,0.11759,0.12907,0.086701,0.17977,0.072338,0.075922,0.061772,0.19085,0.0517,0.087845,0.008433,0.18036,0.057373,0.12125,0.008334,0.091166,0.063332,0.13685,0.033388,0.064973,0.037409,0.14654,0.026876,0.036849,0.079901,0.039791,0.071392,0.061186,0.13175,0.10286,0.023973,0.14755,0.11474,0.035103,0.17365,0.11341,0.11186,0.19973,0.10281,0.1451,0.13197,0.067441,0.17433,0.19761,0.14857,0.22862,0.26845,0.19955,0.043343,0.30124,0.19063,0.044425,0.16432,1
0.34655,0.30293,0.37295,0.22187,0.41327,0.084421,0.30169,0.3784,0.32305,0.081878,0.23256,0.1992,0.2287,0.04929,0.1867,0.0479,0.15476,0.3031,0.15024,0.066762,0.13767,0.12418,0.19966,0.23181,0.11811,0.054204,0.19628,0.078236,0.095029,0.036024,0.1709,0.034535,0.1205,0.077978,0.15985,0.07819,0.10825,0.057736,0.077317,0.11,0.089849,0.091166,0.051714,0.028744,0.14695,0.034463,0.04218,0.10641,0.029527,0.065106,0.11477,0.13548,0.098584,0.097506,0.17562,0.08222,0.088371,0.17139,0.073535,0.14737,0.1888,0.092647,0.22321,0.12662,0.08315,0.26252,0.20222,0.10832,0.2922,0.24996,0.139,0.085613,0.26129,0.15917,0.076475,0.15858,1
0.22888,0.26026,0.32959,0.14245,0.38999,0.11445,0.46775,0.38016,0.222,0.076991,0.096219,0.22431,0.25803,0.21582,0.15466,0.12053,0.094201,0.12634,0.10073,0.055875,0.088791,0.19728,0.047313,0.082132,0.053928,0.15965,0.066885,0.027001,0.17063,0.12036,0.088344,0.053597,0.10012,0.087253,0.10225,0.082522,0.050635,0.051466,0.11351,0.11258,0.046705,0.037726,0.092894,0.047548,0.088955,0.018324,0.092686,0.097575,0.061592,0.049062,0.085836,0.13256,0.006322,0.059114,0.16984,0.019746,0.022503,0.1986,0.075763,0.15961,0.18631,0.12739,0.20124,0.076864,0.13148,0.27641,0.14472,0.20659,0.30626,0.21065,0.19653,0.13982,0.25988,0.12228,0.10866,0.13303,1
0.26701,0.11833,0.18741,0.23933,0.19413,0.19865,0.47672,0.44252,0.12219,0.24294,0.048828,0.16346,0.14156,0.20984,0.060047,0.21156,0.062005,0.07799,0.12009,0.24339,0.04528,0.033815,0.094324,0.10062,0.066108,0.14324,0.091609,0.049783,0.041807,0.19158,0.092217,0.073616,0.020319,0.049534,0.11972,0.14889,0.042336,0.014643,0.098917,0.18169,0.095616,0.05699,0.057776,0.013832,0.12073,0.083169,0.0992,0.043765,0.15982,0.086973,0.051524,0.040185,0.072479,0.11552,0.066763,0.014659,0.20483,0.071928,0.054283,0.10147,0.06005,0.13636,0.13143,0.072382,0.21275,0.096534,0.10697,0.10421,0.038665,0.20537,0.21413,0.12238,0.31779,0.26075,0.091722,0.079313,1
0.31911,0.19318,0.22056,0.15933,0.29706,0.17523,0.45854,0.45194,0.20159,0.11486,0.053671,0.27832,0.27481,0.1511,0.10638,0.16328,0.048868,0.10462,0.14809,0.13876,0.1056,0.099926,0.045703,0.07666,0.15222,0.092573,0.03616,0.05102,0.078328,0.072165,0.079193,0.088246,0.044765,0.075488,0.11153,0.088984,0.040507,0.08875,0.066038,0.073989,0.081427,0.079815,0.055168,0.05111,0.12896,0.049077,0.14772,0.1258,0.055164,0.16368,0.11717,0.077869,0.16847,0.12366,0.096418,0.12353,0.12903,0.10579,0.13662,0.039999,0.11835,0.13327,0.084979,0.18734,0.11993,0.12436,0.2294,0.19659,0.18614,0.27058,0.20641,0.070084,0.30358,0.21926,0.073896,0.081809,1
0.29598,0.1942,0.30388,0.20371,0.28306,0.1602,0.41233,0.38731,0.1748,0.086947,0.033406,0.24941,0.31256,0.10143,0.041225,0.17244,0.08045,0.13922,0.08256,0.1457,0.059373,0.16577,0.054503,0.11309,0.057855,0.17162,0.029919,0.037133,0.14873,0.17083,0.043382,0.10348,0.097078,0.062202,0.049748,0.11805,0.038624,0.085,0.11152,0.12627,0.033021,0.10853,0.092215,0.066747,0.03595,0.1566,0.071163,0.045144,0.17074,0.051509,0.10022,0.06507,0.05301,0.11673,0.066342,0.078459,0.13841,0.036294,0.097286,0.072994,0.024349,0.12371,0.020056,0.15184,0.11143,0.069134,0.20231,0.28491,0.12784,0.29322,0.24806,0.14571,0.30894,0.28136,0.019957,0.08427,1
0.37818,0.30106,0.29568,0.24986,0.48564,0.10342,0.24838,0.33874,0.36688,0.11096,0.31854,0.22027,0.18796,0.098593,0.18086,0.083957,0.23609,0.31588,0.23336,0.071901,0.16509,0.04832,0.19931,0.26567,0.14096,0.062602,0.13545,0.038469,0.16975,0.13979,0.090628,0.13211,0.092191,0.052058,0.07385,0.15856,0.071168,0.11026,0.073031,0.20148,0.019661,0.098227,0.066201,0.092402,0.016542,0.15367,0.12859,0.026894,0.18336,0.091672,0.10744,0.034559,0.14268,0.12522,0.032202,0.092149,0.14194,0.0957,0.088021,0.18505,0.16119,0.089757,0.24252,0.23831,0.061482,0.32298,0.23552,0.11204,0.34589,0.24837,0.095371,0.043238,0.20648,0.126,0.077883,0.074253,1
0.27917,0.21036,0.31634,0.21665,0.37467,0.12427,0.37203,0.40506,0.30309,0.10216,0.14732,0.21908,0.30559,0.12428,0.12003,0.11901,0.016593,0.22901,0.22625,0.096404,0.036535,0.16964,0.066461,0.14844,0.031048,0.13685,0.06304,0.086739,0.11402,0.096132,0.026046,0.093002,0.10254,0.031786,0.017836,0.084076,0.038581,0.061241,0.12409,0.09398,0.044738,0.059051,0.082731,0.06698,0.023387,0.065127,0.060391,0.17751,0.065835,0.070185,0.13109,0.062047,0.048462,0.090648,0.076317,0.20578,0.072892,0.09183,0.20662,0.14285,0.096023,0.22441,0.13223,0.13493,0.17458,0.13482,0.2448,0.13578,0.22384,0.24627,0.20148,0.17794,0.27387,0.21719,0.082185,0.17826,1
0.30139,0.19936,0.26587,0.17591,0.27566,0.18479,0.36207,0.42102,0.15996,0.12169,0.058638,0.2353,0.34402,0.075493,0.053781,0.1659,0.051436,0.15081,0.10719,0.17718,0.052386,0.17295,0.02505,0.079296,0.0695,0.17939,0.014261,0.083576,0.12038,0.18205,0.050118,0.12455,0.070568,0.023799,0.062374,0.16545,0.01207,0.075569,0.076881,0.16977,0.032039,0.1432,0.062852,0.051043,0.04629,0.13753,0.062139,0.070493,0.17274,0.040027,0.10355,0.12505,0.053971,0.14215,0.10423,0.055655,0.1647,0.054014,0.04693,0.01573,0.009149,0.08061,0.035692,0.11322,0.1214,0.039883,0.18832,0.21257,0.12105,0.2509,0.26547,0.13898,0.31723,0.27312,0.040058,0.11926,1
0.31676,0.20789,0.30876,0.22091,0.33145,0.14329,0.34079,0.4063,0.25879,0.046181,0.10422,0.23086,0.34474,0.063901,0.13573,0.12372,0.056418,0.21549,0.11812,0.078353,0.10761,0.1701,0.031322,0.060968,0.10979,0.11684,0.11848,0.091307,0.12089,0.096146,0.13204,0.065395,0.031435,0.10048,0.13605,0.068304,0.041411,0.096211,0.11368,0.05769,0.049009,0.069228,0.10669,0.13441,0.12787,0.10329,0.058635,0.073338,0.090068,0.068515,0.08215,0.1034,0.096076,0.071592,0.13042,0.19404,0.066258,0.14966,0.16289,0.055098,0.15512,0.13963,0.065951,0.19562,0.10055,0.12172,0.23886,0.22781,0.18098,0.28654,0.24831,0.088516,0.28993,0.27302,0.015717,0.10049,1
0.29557,0.22906,0.33107,0.1393,0.28391,0.18404,0.43132,0.41964,0.17107,0.09971,0.030281,0.19436,0.27216,0.14531,0.055356,0.16045,0.088564,0.043347,0.062422,0.14596,0.038963,0.1171,0.06473,0.10427,0.03853,0.15242,0.070865,0.028731,0.048206,0.15824,0.064851,0.093706,0.05679,0.059308,0.049154,0.13615,0.068199,0.04052,0.052277,0.14955,0.068339,0.073668,0.088014,0.068463,0.031989,0.13622,0.014997,0.10207,0.14929,0.016886,0.10217,0.087442,0.036962,0.1077,0.090821,0.1131,0.12767,0.071853,0.10471,0.048952,0.069455,0.091513,0.089355,0.22301,0.09656,0.14895,0.26157,0.20112,0.19092,0.29538,0.19551,0.017518,0.30076,0.20864,0.059085,0.15376,1
0.31367,0.26793,0.33055,0.19774,0.45808,0.095458,0.31355,0.41782,0.28452,0.11582,0.25023,0.22637,0.23779,0.056603,0.2319,0.052985,0.18519,0.27914,0.097311,0.11906,0.19193,0.10242,0.18688,0.16261,0.094346,0.047535,0.23881,0.011046,0.10137,0.11816,0.15399,0.14858,0.11989,0.07352,0.033396,0.24947,0.074605,0.14036,0.046839,0.20377,0.083739,0.21283,0.062527,0.03967,0.032242,0.055973,0.12614,0.15973,0.091925,0.12338,0.17935,0.11896,0.052724,0.21215,0.13157,0.064957,0.18727,0.14294,0.10511,0.10696,0.18031,0.15398,0.2087,0.096802,0.17133,0.27187,0.13975,0.12756,0.36701,0.15828,0.15416,0.11062,0.21386,0.15725,0.042069,0.17367,1
0.32072,0.32562,0.37451,0.2711,0.55754,0.06818,0.31514,0.31494,0.27791,0.21237,0.29577,0.25784,0.19146,0.086086,0.097687,0.098069,0.22909,0.3813,0.093172,0.16369,0.052541,0.032967,0.29697,0.19994,0.094118,0.025028,0.16445,0.20494,0.21323,0.10564,0.14638,0.13926,0.1046,0.089572,0.029774,0.1713,0.019574,0.1068,0.007938,0.12243,0.11175,0.083101,0.065099,0.01723,0.049997,0.058843,0.1485,0.14783,0.04627,0.089217,0.15489,0.057644,0.062336,0.14064,0.05295,0.099992,0.17549,0.062407,0.12494,0.085122,0.074997,0.19349,0.14077,0.15057,0.14174,0.30249,0.099742,0.18407,0.38659,0.16908,0.18243,0.2016,0.15302,0.11975,0.11122,0.048875,1
0.28701,0.15401,0.26612,0.18221,0.26869,0.20401,0.46505,0.44601,0.15407,0.15532,0.052815,0.16439,0.1746,0.18014,0.058501,0.18853,0.064639,0.13381,0.071609,0.18262,0.044467,0.036883,0.10556,0.1659,0.10058,0.076304,0.062609,0.075809,0.011697,0.089236,0.029957,0.065699,0.032187,0.10704,0.056019,0.080546,0.044524,0.073169,0.052321,0.086515,0.078852,0.055336,0.028072,0.10659,0.074465,0.082298,0.14037,0.14734,0.090566,0.1467,0.1651,0.061228,0.13325,0.18656,0.064904,0.1016,0.18385,0.065723,0.11096,0.11236,0.073277,0.12576,0.13467,0.19231,0.14462,0.15244,0.26336,0.16241,0.18377,0.31866,0.15216,0.087666,0.29392,0.22996,0.10547,0.022196,1
0.35656,0.25355,0.33266,0.33118,0.40496,0.144,0.24605,0.33109,0.35649,0.03442,0.28252,0.18833,0.23477,0.17429,0.23607,0.029171,0.18143,0.22988,0.21377,0.049679,0.18342,0.12248,0.10817,0.23956,0.13561,0.040982,0.1575,0.17461,0.046489,0.038341,0.075285,0.056233,0.16405,0.19305,0.10053,0.047462,0.083782,0.047583,0.18825,0.093204,0.067708,0.01154,0.13439,0.039715,0.11198,0.082412,0.14264,0.052543,0.073019,0.13903,0.044889,0.086105,0.15129,0.048988,0.13758,0.12355,0.052308,0.18361,0.14701,0.03153,0.19965,0.14467,0.098998,0.12573,0.10946,0.17515,0.19126,0.13177,0.24308,0.21668,0.1796,0.18238,0.23289,0.21413,0.076305,0.11929,1
0.32151,0.32516,0.45379,0.32088,0.48276,0.12297,0.20825,0.23299,0.15194,0.20306,0.36424,0.11411,0.20389,0.15199,0.23671,0.20003,0.25919,0.18925,0.1223,0.24461,0.081669,0.1379,0.22064,0.21281,0.13064,0.20636,0.036314,0.11054,0.20654,0.10765,0.18689,0.18106,0.044282,0.060458,0.13725,0.045437,0.20011,0.14209,0.051393,0.08459,0.099079,0.061149,0.15147,0.17479,0.078942,0.14643,0.029354,0.023607,0.12465,0.09983,0.057295,0.10953,0.13894,0.10754,0.087685,0.13261,0.14839,0.10471,0.075706,0.063615,0.10949,0.10264,0.058208,0.12421,0.16472,0.16494,0.098624,0.21888,0.295,0.13466,0.20816,0.17446,0.14174,0.20293,0.18782,0.004822,1
0.36305,0.24575,0.19719,0.1437,0.35147,0.13563,0.35448,0.45138,0.40215,0.023132,0.14291,0.27237,0.311,0.08266,0.09891,0.14589,0.055283,0.26868,0.16814,0.10373,0.12288,0.18542,0.060914,0.16918,0.083758,0.10719,0.078972,0.14017,0.18181,0.12167,0.051777,0.064711,0.030981,0.19067,0.017488,0.062377,0.070694,0.10647,0.024949,0.073582,0.052915,0.074228,0.055528,0.066241,0.031325,0.090019,0.05592,0.081797,0.11881,0.050849,0.10019,0.05524,0.048237,0.1166,0.013361,0.075794,0.12199,0.026272,0.089826,0.11012,0.056357,0.10717,0.14046,0.27046,0.067882,0.16729,0.28341,0.21393,0.21582,0.2487,0.23054,0.080622,0.25315,0.21308,0.064035,0.15687,1
0.29516,0.30506,0.29671,0.11771,0.41336,0.11169,0.38292,0.37695,0.30541,0.038943,0.1784,0.27757,0.25084,0.085386,0.11606,0.15226,0.14191,0.33066,0.17583,0.14366,0.10645,0.18406,0.078676,0.19297,0.10522,0.12972,0.085913,0.10054,0.062071,0.10083,0.12207,0.072505,0.028267,0.11444,0.14313,0.047626,0.058619,0.12071,0.008298,0.033181,0.069595,0.12239,0.053374,0.13391,0.15161,0.10771,0.112,0.099057,0.099008,0.11269,0.10373,0.069854,0.10634,0.12055,0.064911,0.04473,0.13427,0.053525,0.057136,0.17749,0.075105,0.055998,0.21602,0.26755,0.053232,0.25727,0.28304,0.12535,0.30329,0.27395,0.1539,0.05092,0.27062,0.14199,0.013645,0.16714,1
0.11875,0.22625,0.43007,0.098238,0.21232,0.13703,0.45851,0.18433,0.23729,0.12542,0.24097,0.16131,0.18884,0.16391,0.10955,0.09335,0.12791,0.15888,0.17322,0.13213,0.07449,0.047603,0.091391,0.14452,0.13035,0.19909,0.069768,0.011486,0.031321,0.013956,0.094389,0.12101,0.10505,0.049066,0.10582,0.067349,0.07919,0.12471,0.11193,0.11307,0.11042,0.036582,0.075886,0.087422,0.071366,0.042629,0.080639,0.091532,0.16633,0.11874,0.10921,0.09832,0.057851,0.046877,0.03052,0.064727,0.12177,0.13945,0.14989,0.11168,0.16259,0.076191,0.063474,0.058017,0.11287,0.034567,0.087406,0.2305,0.24985,0.25081,0.18534,0.12854,0.16067,0.23455,0.20517,0.14158,1
0.35824,0.33161,0.39518,0.32582,0.50584,0.097816,0.21771,0.30216,0.2751,0.1465,0.33649,0.1753,0.17457,0.089942,0.20889,0.10832,0.20639,0.2633,0.18919,0.19215,0.069756,0.05759,0.1689,0.24575,0.072412,0.12519,0.056532,0.025963,0.13373,0.12782,0.064127,0.085176,0.064734,0.06002,0.090949,0.097097,0.050521,0.0654,0.11221,0.096028,0.033766,0.094622,0.052705,0.052226,0.13908,0.032597,0.19961,0.15116,0.1002,0.16839,0.20849,0.10266,0.11453,0.2394,0.071253,0.15942,0.23424,0.072598,0.18659,0.15936,0.11009,0.16121,0.23681,0.15126,0.15334,0.33145,0.16736,0.089862,0.4052,0.17582,0.09215,0.16571,0.18572,0.11775,0.099072,0.042503,1
0.27388,0.296,0.39601,0.20444,0.54038,0.05839,0.27483,0.33053,0.29841,0.21772,0.38747,0.075896,0.2131,0.035519,0.1708,0.228,0.15127,0.25805,0.12743,0.21875,0.10488,0.16306,0.14402,0.21722,0.1061,0.20724,0.10466,0.077981,0.15858,0.047281,0.14481,0.10607,0.046151,0.13031,0.079364,0.038724,0.14446,0.070133,0.10604,0.10659,0.09293,0.12592,0.10677,0.10117,0.048222,0.17253,0.077106,0.035071,0.18631,0.12684,0.093037,0.087102,0.14656,0.10475,0.14847,0.12666,0.057469,0.22298,0.14573,0.012985,0.095447,0.1878,0.10255,0.12467,0.1001,0.052863,0.19664,0.18837,0.26966,0.1617,0.28574,0.16769,0.14007,0.26889,0.18869,0.078792,1
0.18738,0.25203,0.17724,0.19491,0.34272,0.24207,0.19834,0.22624,0.50246,0.083504,0.21238,0.20806,0.069339,0.30509,0.15907,0.03805,0.0462,0.14688,0.05348,0.12934,0.13645,0.024773,0.11285,0.075504,0.029982,0.032313,0.094124,0.011559,0.12346,0.077466,0.020535,0.039275,0.04661,0.045003,0.054662,0.050514,0.054118,0.085487,0.038981,0.048623,0.027627,0.051729,0.050558,0.10438,0.056283,0.098365,0.066946,0.13921,0.031315,0.10799,0.092325,0.12217,0.099129,0.061792,0.16502,0.026055,0.12859,0.11889,0.11398,0.11877,0.071369,0.17418,0.038906,0.079727,0.17844,0.11411,0.1184,0.066338,0.1487,0.058949,0.11229,0.059785,0.21191,0.27908,0.13959,0.16763,1
0.24038,0.33212,0.27868,0.20536,0.40103,0.14745,0.39363,0.3462,0.32313,0.048221,0.17453,0.17529,0.30043,0.15419,0.19612,0.05189,0.073264,0.19065,0.1655,0.073141,0.036809,0.13898,0.10075,0.10735,0.01722,0.11256,0.048276,0.12925,0.088779,0.072763,0.013455,0.14102,0.019573,0.046704,0.04892,0.11044,0.053911,0.049905,0.045858,0.068652,0.10381,0.044221,0.031235,0.024282,0.088964,0.026527,0.16314,0.16338,0.035841,0.11154,0.15643,0.12847,0.057384,0.1502,0.14322,0.099883,0.11442,0.17394,0.10729,0.21182,0.19263,0.10811,0.26563,0.15315,0.088306,0.30392,0.19419,0.16328,0.34639,0.24503,0.11407,0.085793,0.29709,0.11092,0.061791,0.10572,1
0.30405,0.29025,0.39871,0.26802,0.37212,0.15683,0.26064,0.33387,0.28756,0.086617,0.23831,0.17199,0.28595,0.15843,0.21798,0.044629,0.12071,0.22988,0.21758,0.063275,0.13221,0.12731,0.033259,0.22948,0.10321,0.046586,0.071428,0.20605,0.007596,0.013539,0.022083,0.10056,0.077198,0.18529,0.04543,0.06199,0.057262,0.095207,0.1061,0.036964,0.015258,0.072769,0.081915,0.032616,0.086249,0.056219,0.13974,0.12435,0.029244,0.14509,0.14489,0.096941,0.11593,0.14649,0.14033,0.14569,0.11378,0.16278,0.18337,0.022354,0.19576,0.19255,0.063119,0.057675,0.16756,0.1394,0.12229,0.11863,0.21279,0.23027,0.1684,0.16598,0.26894,0.21422,0.10992,0.16076,1
0.27886,0.24835,0.4485,0.32015,0.45195,0.097446,0.23464,0.25042,0.17412,0.13645,0.36816,0.068467,0.24913,0.13341,0.23489,0.22164,0.20502,0.14503,0.21578,0.16176,0.14122,0.15642,0.075266,0.21064,0.067683,0.20534,0.070526,0.059553,0.11552,0.048757,0.12248,0.14924,0.067221,0.07106,0.15193,0.062757,0.16344,0.059154,0.041426,0.18424,0.082189,0.097541,0.077327,0.046554,0.098354,0.13601,0.040713,0.13764,0.12921,0.16295,0.081462,0.046513,0.24397,0.055358,0.092145,0.058636,0.11961,0.18765,0.11683,0.067527,0.086683,0.19521,0.016932,0.009813,0.099342,0.035891,0.13304,0.13384,0.18842,0.17696,0.29675,0.1622,0.17004,0.30407,0.20738,0.079363,1
0.28937,0.24232,0.35168,0.24136,0.47371,0.083593,0.31155,0.39562,0.30322,0.10768,0.27921,0.20503,0.26585,0.064067,0.26256,0.058899,0.1546,0.32748,0.1675,0.15865,0.12763,0.11699,0.17692,0.21072,0.028263,0.082002,0.20022,0.074308,0.088668,0.16321,0.10878,0.12241,0.18203,0.010855,0.08183,0.13029,0.12478,0.14459,0.072887,0.094893,0.054754,0.20041,0.059496,0.051609,0.14467,0.14564,0.041841,0.097284,0.18366,0.04788,0.17214,0.041647,0.047569,0.21857,0.081178,0.075601,0.22096,0.15536,0.019019,0.05062,0.21134,0.057478,0.12414,0.056687,0.11227,0.24379,0.08885,0.175,0.34957,0.16571,0.15672,0.19141,0.20291,0.1935,0.086711,0.14281,1
0.34795,0.20242,0.27506,0.24679,0.41859,0.10092,0.29253,0.4488,0.38086,0.007519,0.21974,0.17086,0.24119,0.15567,0.23528,0.079932,0.090549,0.19804,0.21638,0.056551,0.17916,0.1313,0.073987,0.09714,0.18868,0.025721,0.12766,0.081472,0.091884,0.057386,0.1526,0.041106,0.017147,0.06677,0.14091,0.11179,0.048993,0.060566,0.074274,0.17743,0.042001,0.043573,0.018426,0.12254,0.11056,0.14427,0.054005,0.12249,0.11559,0.11739,0.1118,0.081805,0.1667,0.11537,0.13396,0.10813,0.078447,0.20269,0.071631,0.17242,0.22709,0.046358,0.24448,0.13555,0.016309,0.26919,0.21384,0.1165,0.30871,0.24717,0.14909,0.104,0.25315,0.1824,0.050903,0.088671,1
0.26849,0.35616,0.39067,0.11508,0.25391,0.19169,0.41443,0.33864,0.18525,0.13056,0.10007,0.13548,0.17655,0.054662,0.03433,0.14115,0.16913,0.10785,0.11436,0.12245,0.13928,0.039722,0.027137,0.15079,0.13019,0.045933,0.09673,0.12615,0.087206,0.041097,0.11323,0.08276,0.064834,0.066339,0.10805,0.051091,0.1078,0.067695,0.064055,0.048232,0.13197,0.077081,0.052094,0.017709,0.11358,0.047642,0.097185,0.031601,0.027038,0.12802,0.032991,0.062943,0.12783,0.079323,0.078006,0.15113,0.097211,0.064388,0.13444,0.1683,0.054167,0.12247,0.16446,0.18894,0.11128,0.18354,0.2335,0.083207,0.19486,0.2788,0.098869,0.14553,0.28453,0.13113,0.10403,0.12262,1
0.29523,0.25654,0.37378,0.19926,0.38752,0.12921,0.34268,0.40616,0.22685,0.047257,0.16892,0.16077,0.30461,0.14336,0.20973,0.068886,0.088524,0.21179,0.13944,0.009192,0.10947,0.18359,0.13916,0.09699,0.094492,0.10015,0.12715,0.16687,0.086641,0.027718,0.11756,0.15568,0.053079,0.087053,0.0778,0.12804,0.074663,0.10335,0.074686,0.10566,0.089503,0.11467,0.010413,0.111,0.056129,0.060633,0.044208,0.10344,0.026889,0.034395,0.093149,0.20167,0.058238,0.086334,0.2096,0.10038,0.053931,0.21732,0.10066,0.16659,0.22255,0.086559,0.20552,0.1901,0.073139,0.229,0.23914,0.15743,0.28294,0.26134,0.1653,0.05403,0.25969,0.16924,0.034013,0.098675,1
0.19618,0.24034,0.35793,0.18426,0.34071,0.1485,0.41118,0.33614,0.27454,0.18474,0.13291,0.11824,0.27667,0.25091,0.1745,0.10384,0.050095,0.088095,0.11446,0.16604,0.013565,0.078748,0.1008,0.036855,0.081469,0.034615,0.11207,0.068649,0.042348,0.09145,0.047485,0.052641,0.081105,0.060094,0.056869,0.007162,0.075515,0.017041,0.0146,0.059947,0.051166,0.033057,0.047423,0.055983,0.12218,0.17997,0.074348,0.075584,0.15974,0.12435,0.10517,0.064222,0.13218,0.17421,0.030799,0.066175,0.19654,0.10752,0.096978,0.068167,0.16427,0.18903,0.036024,0.11482,0.23988,0.072974,0.046139,0.10084,0.18208,0.16758,0.17336,0.19953,0.27937,0.19555,0.15624,0.19526,1
0.094791,0.27368,0.48886,0.053911,0.29873,0.1895,0.39611,0.15447,0.26284,0.079815,0.28564,0.23282,0.1001,0.061917,0.068526,0.12104,0.16005,0.18418,0.060858,0.12096,0.088291,0.14283,0.15693,0.1868,0.092243,0.058061,0.057935,0.16103,0.12485,0.12147,0.11177,0.019104,0.039325,0.078506,0.1079,0.153,0.098046,0.049008,0.095225,0.041187,0.090813,0.079778,0.059234,0.027326,0.077984,0.10981,0.058914,0.09483,0.038203,0.070902,0.12302,0.077765,0.063408,0.10452,0.18345,0.13836,0.13742,0.084488,0.028037,0.009302,0.19892,0.12883,0.14544,0.19018,0.10828,0.11355,0.090781,0.14743,0.18832,0.2892,0.23003,0.05389,0.2636,0.17242,0.14451,0.19371,1
0.082501,0.3093,0.45054,0.090623,0.324,0.17142,0.40045,0.1692,0.26662,0.072541,0.30017,0.1995,0.11587,0.071223,0.13473,0.18446,0.14859,0.11882,0.032018,0.033469,0.14729,0.1753,0.097852,0.1158,0.0521,0.066565,0.1271,0.16214,0.094378,0.11077,0.034459,0.124,0.10212,0.083477,0.14152,0.073652,0.035456,0.11166,0.10357,0.17422,0.09612,0.034767,0.048279,0.055009,0.08588,0.023645,0.063602,0.018339,0.12918,0.065052,0.12999,0.13548,0.12423,0.026888,0.11903,0.09188,0.17677,0.16822,0.0749,0.086453,0.1636,0.085509,0.094601,0.23304,0.13127,0.18295,0.16675,0.13745,0.14495,0.27725,0.24773,0.046331,0.2705,0.13018,0.14166,0.14744,1
0.32565,0.35146,0.3807,0.21385,0.45658,0.090087,0.26402,0.31602,0.28693,0.13704,0.31178,0.19054,0.17278,0.009725,0.22847,0.092882,0.22526,0.28292,0.10505,0.12147,0.09996,0.012561,0.2883,0.26918,0.030377,0.05386,0.14932,0.063396,0.23939,0.12533,0.087699,0.097947,0.092401,0.087788,0.065889,0.13058,0.094378,0.13947,0.10826,0.10202,0.032347,0.17584,0.045646,0.13273,0.091194,0.1306,0.10509,0.15611,0.14452,0.10688,0.17097,0.11727,0.046218,0.1959,0.14391,0.086801,0.1822,0.17496,0.064794,0.083896,0.21512,0.11639,0.17589,0.094894,0.15138,0.25853,0.1536,0.1429,0.33603,0.16761,0.19134,0.14544,0.22974,0.1534,0.090357,0.1628,1
0.18769,0.16166,0.38248,0.10962,0.092222,0.024003,0.46635,0.14813,0.21613,0.1293,0.2147,0.085917,0.22611,0.17198,0.14178,0.18171,0.15676,0.096998,0.069267,0.12068,0.071405,0.074803,0.11774,0.15106,0.11921,0.070509,0.039671,0.039298,0.11258,0.166,0.14455,0.041714,0.03138,0.035806,0.12214,0.13047,0.093266,0.074228,0.022557,0.10162,0.10897,0.04244,0.090405,0.097994,0.066666,0.035339,0.057549,0.048349,0.084728,0.082797,0.089335,0.049019,0.13102,0.054532,0.045191,0.037799,0.11449,0.040425,0.071933,0.057195,0.13468,0.074284,0.053035,0.091556,0.14334,0.12299,0.041353,0.11112,0.072044,0.12248,0.036466,0.15617,0.043333,0.28297,0.21104,0.16015,1
0.13256,0.3445,0.28602,0.15391,0.56666,0.068031,0.38033,0.18423,0.34846,0.26763,0.32453,0.13825,0.13108,0.24937,0.25348,0.17497,0.039396,0.1546,0.10896,0.25913,0.24241,0.08167,0.050647,0.055469,0.1294,0.24961,0.054932,0.083922,0.019421,0.1478,0.17043,0.11511,0.067972,0.043262,0.13407,0.1893,0.11567,0.082839,0.04486,0.099486,0.13392,0.099803,0.069188,0.005278,0.19021,0.055353,0.12163,0.073039,0.14268,0.10326,0.13473,0.037951,0.20092,0.099901,0.097413,0.085029,0.10563,0.15247,0.16269,0.10494,0.064743,0.19273,0.13047,0.082413,0.10287,0.10418,0.10613,0.15787,0.18363,0.17556,0.25667,0.1732,0.10248,0.30495,0.12858,0.11896,1
0.28603,0.33631,0.34596,0.23967,0.4917,0.062941,0.33598,0.34024,0.2428,0.19673,0.2709,0.22804,0.18305,0.090123,0.21732,0.044435,0.20905,0.34259,0.084683,0.14646,0.096645,0.1162,0.24907,0.18163,0.020607,0.020606,0.20746,0.092128,0.12394,0.097694,0.1367,0.16956,0.17056,0.043215,0.032774,0.17199,0.15837,0.13031,0.073085,0.094616,0.06151,0.18349,0.03347,0.023945,0.075598,0.0882,0.056528,0.074236,0.10747,0.013697,0.075193,0.091252,0.060223,0.14252,0.064901,0.11723,0.19075,0.084243,0.058021,0.04613,0.16118,0.070026,0.050267,0.11572,0.174,0.21152,0.077089,0.26593,0.35503,0.11504,0.22212,0.18276,0.18624,0.17853,0.12952,0.10754,1
0.15981,0.14015,0.49041,0.049004,0.26211,0.1804,0.44471,0.18061,0.16316,0.15901,0.27682,0.1422,0.14482,0.21337,0.060722,0.054662,0.15049,0.24233,0.10191,0.1842,0.037193,0.091936,0.076559,0.14858,0.18771,0.1562,0.083182,0.039391,0.079128,0.093395,0.075464,0.10492,0.084566,0.017716,0.11971,0.14534,0.12074,0.091709,0.11743,0.058304,0.015549,0.044528,0.10648,0.12127,0.079012,0.022406,0.074038,0.13862,0.18512,0.20847,0.10541,0.083669,0.044055,0.067864,0.033977,0.071301,0.10851,0.16544,0.18569,0.071438,0.1821,0.10514,0.044218,0.015503,0.1272,0.054938,0.14705,0.14749,0.25869,0.20606,0.12933,0.16981,0.10089,0.27037,0.25565,0.057553,1
0.32792,0.20993,0.29564,0.21647,0.38245,0.12755,0.30947,0.4446,0.33454,0.023212,0.18144,0.21068,0.31258,0.14422,0.19744,0.11988,0.071373,0.23759,0.16449,0.07076,0.15204,0.20732,0.071697,0.13425,0.13202,0.11563,0.16285,0.15333,0.098155,0.081403,0.16947,0.074785,0.050743,0.12292,0.13395,0.017883,0.12024,0.08101,0.055541,0.016031,0.12117,0.023255,0.055399,0.14647,0.10483,0.09741,0.038856,0.051308,0.088193,0.05455,0.065416,0.11778,0.086902,0.064396,0.13419,0.15179,0.055229,0.16208,0.12993,0.11674,0.17884,0.10466,0.1407,0.2,0.05734,0.17884,0.24651,0.18685,0.2515,0.26196,0.17985,0.098649,0.25477,0.24249,0.039346,0.14079,1
0.1468,0.14785,0.46838,0.079997,0.29274,0.26862,0.45322,0.18328,0.22307,0.11148,0.26422,0.22834,0.13214,0.22723,0.007429,0.025434,0.12768,0.28035,0.092423,0.23208,0.12591,0.12288,0.10268,0.15035,0.072785,0.11738,0.11336,0.026086,0.15316,0.13159,0.15717,0.11924,0.041681,0.024517,0.11337,0.055892,0.13585,0.11188,0.044214,0.14132,0.065402,0.048162,0.09367,0.11789,0.15348,0.090539,0.048547,0.090936,0.11821,0.057004,0.11319,0.14832,0.12667,0.18965,0.12853,0.051213,0.052252,0.10923,0.11252,0.072014,0.19606,0.099513,0.13118,0.089488,0.087931,0.037972,0.1438,0.20088,0.26624,0.24273,0.142,0.095714,0.15735,0.23182,0.2298,0.11561,1
0.12629,0.11932,0.41473,0.13155,0.19835,0.15535,0.4842,0.19228,0.19638,0.14827,0.24561,0.15683,0.1648,0.25537,0.14152,0.08573,0.095416,0.17879,0.15877,0.16409,0.087336,0.063311,0.02891,0.12609,0.16274,0.20761,0.098282,0.023365,0.055961,0.021073,0.070448,0.080432,0.11414,0.070556,0.14319,0.10263,0.059773,0.047838,0.077861,0.13454,0.12324,0.060922,0.049125,0.038889,0.10641,0.054137,0.12226,0.11565,0.20402,0.13746,0.038724,0.054384,0.052352,0.061659,0.020269,0.092209,0.1188,0.16128,0.13418,0.070446,0.17668,0.033085,0.037134,0.023893,0.13385,0.069612,0.12939,0.15061,0.23153,0.20933,0.10637,0.16419,0.12514,0.26461,0.22683,0.10598,1
0.15802,0.25369,0.32586,0.18321,0.19164,0.20538,0.45677,0.17027,0.37309,0.19247,0.19109,0.075377,0.077827,0.14167,0.15088,0.14944,0.029209,0.15407,0.058965,0.20748,0.13346,0.11087,0.026814,0.089947,0.18952,0.066032,0.076433,0.023011,0.097692,0.10682,0.14934,0.076284,0.1167,0.044712,0.17581,0.16209,0.020895,0.080813,0.030783,0.17633,0.11493,0.046381,0.064233,0.052153,0.12662,0.013694,0.069966,0.057655,0.075056,0.072385,0.047538,0.10003,0.14616,0.053815,0.11304,0.025341,0.1468,0.093171,0.01402,0.08397,0.088196,0.0568,0.048719,0.09836,0.12947,0.01443,0.17705,0.24258,0.10834,0.27272,0.21068,0.12604,0.30111,0.22716,0.063793,0.036115,1
0.053728,0.097846,0.37437,0.15851,0.31736,0.29202,0.40075,0.34824,0.14971,0.08446,0.27112,0.29122,0.078517,0.11894,0.075182,0.16045,0.17641,0.14447,0.093633,0.23626,0.14039,0.15538,0.18027,0.069039,0.21529,0.14651,0.067358,0.058003,0.11393,0.054422,0.19123,0.16442,0.055823,0.10503,0.057206,0.18047,0.17645,0.0312,0.054188,0.2038,0.047015,0.12704,0.12166,0.099953,0.089232,0.17101,0.14202,0.022931,0.11644,0.094899,0.12946,0.079996,0.24063,0.12706,0.03726,0.032269,0.028422,0.077888,0.083936,0.10763,0.12635,0.1624,0.088867,0.071495,0.15519,0.10839,0.17011,0.088786,0.27555,0.17462,0.10169,0.13634,0.099606,0.23756,0.13584,0.16686,1
0.33831,0.26299,0.34762,0.25962,0.45704,0.10426,0.29791,0.42762,0.29849,0.084927,0.24786,0.19334,0.24519,0.11605,0.22637,0.037629,0.16552,0.25217,0.18128,0.092071,0.21382,0.10184,0.12338,0.18625,0.1544,0.083987,0.16103,0.1119,0.038096,0.18112,0.087408,0.09069,0.12858,0.073346,0.025617,0.17686,0.092514,0.095987,0.088689,0.18055,0.037512,0.1474,0.085359,0.043854,0.10245,0.16635,0.076825,0.072224,0.19644,0.092078,0.11286,0.067999,0.096112,0.15335,0.025875,0.14829,0.15506,0.065887,0.16344,0.21098,0.15983,0.15916,0.26199,0.17968,0.12109,0.34219,0.17489,0.077383,0.36728,0.20979,0.079392,0.072341,0.20147,0.13972,0.006483,0.072502,1
0.31806,0.19928,0.37769,0.29708,0.3684,0.16411,0.28318,0.4074,0.17999,0.048672,0.16425,0.14066,0.3106,0.21949,0.23883,0.06262,0.057525,0.10322,0.15731,0.028716,0.15157,0.10967,0.11397,0.046523,0.17323,0.032415,0.1181,0.10942,0.10771,0.052192,0.1291,0.12174,0.11797,0.079518,0.1031,0.067777,0.090089,0.15229,0.1098,0.050006,0.062981,0.14197,0.028615,0.11352,0.083547,0.10171,0.09507,0.12612,0.080092,0.14368,0.092817,0.12692,0.16256,0.061671,0.1504,0.065553,0.043558,0.20527,0.048445,0.13828,0.22387,0.04477,0.15838,0.096455,0.037234,0.19326,0.18929,0.097202,0.25441,0.23612,0.15862,0.11428,0.2488,0.21719,0.083152,0.048405,1
0.14372,0.35946,0.37948,0.10052,0.40982,0.26043,0.34738,0.27152,0.42289,0.14838,0.26577,0.10725,0.13835,0.14902,0.23817,0.17532,0.07312,0.084594,0.14757,0.054455,0.15132,0.18613,0.080681,0.18095,0.093773,0.2033,0.086678,0.052852,0.035105,0.026734,0.10558,0.11565,0.092192,0.11352,0.067145,0.12603,0.14121,0.027095,0.092969,0.036437,0.05277,0.12317,0.037727,0.065163,0.074304,0.062585,0.085232,0.12322,0.13569,0.15815,0.075198,0.047115,0.10867,0.087478,0.01605,0.13597,0.073175,0.16847,0.1327,0.04448,0.077427,0.17568,0.097901,0.050186,0.04928,0.10559,0.1267,0.1141,0.058495,0.17155,0.29624,0.19859,0.30108,0.10377,0.19463,0.30498,1
0.33146,0.24617,0.32261,0.21715,0.4118,0.13217,0.26503,0.41934,0.32906,0.028469,0.22698,0.20316,0.22436,0.14602,0.20035,0.10697,0.15545,0.23607,0.19253,0.067147,0.24335,0.13525,0.13767,0.17038,0.20942,0.004072,0.21744,0.11474,0.085244,0.07149,0.17899,0.04177,0.16339,0.072677,0.095045,0.12446,0.14797,0.037059,0.094162,0.13497,0.079636,0.11734,0.11514,0.028848,0.026789,0.087651,0.10619,0.084174,0.077389,0.12448,0.063051,0.056953,0.1549,0.05048,0.020223,0.11246,0.065176,0.049371,0.090803,0.13137,0.1351,0.056784,0.14768,0.17073,0.036168,0.22097,0.18465,0.19116,0.28593,0.22684,0.18028,0.10914,0.24684,0.1933,0.029133,0.12965,1
0.20463,0.26871,0.36794,0.16582,0.51828,0.033366,0.38732,0.31881,0.28743,0.20368,0.27364,0.19878,0.24321,0.14444,0.24893,0.074629,0.072909,0.27662,0.09329,0.20578,0.10496,0.10197,0.1373,0.12277,0.13633,0.15403,0.057108,0.13416,0.001607,0.16291,0.042693,0.045925,0.16839,0.083753,0.099144,0.08104,0.081546,0.093355,0.075425,0.10816,0.076942,0.027849,0.096265,0.012915,0.041458,0.1272,0.19602,0.028348,0.026483,0.18937,0.12863,0.12458,0.019949,0.082348,0.19844,0.09658,0.13121,0.1295,0.23077,0.022753,0.074228,0.20424,0.10163,0.19072,0.065347,0.038683,0.19975,0.22052,0.30336,0.1217,0.33082,0.17706,0.15833,0.26915,0.15919,0.1295,1
0.10636,0.27465,0.39155,0.090059,0.33371,0.265,0.43426,0.19259,0.32847,0.032965,0.25282,0.26454,0.075137,0.22939,0.14975,0.19231,0.086428,0.19476,0.20259,0.034271,0.10192,0.16939,0.16864,0.090779,0.13936,0.10133,0.14345,0.097851,0.12515,0.078482,0.057098,0.056553,0.10552,0.10261,0.19981,0.10626,0.052686,0.041988,0.089514,0.12906,0.076171,0.043588,0.002562,0.072418,0.10227,0.0651,0.034845,0.059884,0.17143,0.12662,0.1198,0.17469,0.09047,0.07808,0.050268,0.10646,0.22244,0.20161,0.10092,0.02924,0.1121,0.08445,0.028013,0.12505,0.17982,0.16127,0.20307,0.089945,0.092372,0.2201,0.24393,0.16601,0.31432,0.1106,0.16403,0.24586,1
0.11139,0.20773,0.31455,0.11224,0.12522,0.18841,0.45966,0.19179,0.38676,0.15487,0.21853,0.079256,0.051754,0.14248,0.19127,0.10658,0.040462,0.14245,0.12387,0.13287,0.1175,0.097495,0.098646,0.077804,0.15752,0.10216,0.095683,0.028566,0.048478,0.11895,0.12226,0.063334,0.047132,0.096047,0.12507,0.12941,0.055819,0.098031,0.032296,0.15225,0.12026,0.066842,0.041929,0.009722,0.084055,0.046125,0.03073,0.061472,0.095971,0.041675,0.11326,0.080057,0.12707,0.11485,0.042879,0.072116,0.12225,0.080239,0.08214,0.04867,0.1496,0.027307,0.097112,0.092585,0.086489,0.11302,0.037062,0.16555,0.057447,0.1986,0.2615,0.21479,0.32322,0.28857,0.13251,0.054331,1
0.33084,0.32716,0.44463,0.29639,0.44526,0.12228,0.20386,0.28789,0.1935,0.10609,0.30342,0.14043,0.2342,0.14335,0.24443,0.11182,0.20151,0.20623,0.17221,0.15199,0.11787,0.046049,0.17826,0.21788,0.060466,0.099986,0.087317,0.057513,0.17482,0.15088,0.056072,0.062662,0.05574,0.11894,0.096854,0.10677,0.02911,0.069968,0.067419,0.068871,0.079214,0.095217,0.058525,0.10144,0.11524,0.11874,0.12252,0.11738,0.13672,0.075382,0.1734,0.082118,0.029616,0.18087,0.11242,0.10459,0.19221,0.15451,0.086487,0.11771,0.21737,0.10291,0.18402,0.076039,0.10735,0.25985,0.12805,0.12657,0.32511,0.17936,0.14616,0.16701,0.21567,0.17394,0.098519,0.096879,1
0.33557,0.33841,0.43313,0.30409,0.43804,0.10806,0.22569,0.26861,0.24097,0.14838,0.32662,0.16103,0.17055,0.084243,0.24462,0.14728,0.2576,0.20126,0.11298,0.16994,0.11429,0.077058,0.24943,0.23694,0.096685,0.12352,0.086406,0.062156,0.22238,0.12717,0.050367,0.10398,0.084681,0.073413,0.08662,0.064433,0.0424,0.14329,0.077572,0.12817,0.032176,0.060986,0.066018,0.16368,0.12303,0.16286,0.12082,0.037614,0.18645,0.12364,0.083197,0.066906,0.14496,0.11048,0.12015,0.084859,0.14314,0.17357,0.087282,0.025852,0.21024,0.11349,0.056729,0.078841,0.14782,0.16673,0.11158,0.18819,0.27111,0.15546,0.22138,0.19539,0.21582,0.18579,0.13583,0.13207,1
0.10818,0.16141,0.3008,0.11511,0.042609,0.14453,0.43578,0.22435,0.41339,0.081863,0.17614,0.13489,0.060741,0.11491,0.12585,0.114,0.0343,0.10448,0.17431,0.14211,0.029758,0.043943,0.15703,0.091623,0.1086,0.082968,0.063309,0.087259,0.029327,0.074726,0.11379,0.029476,0.021365,0.083124,0.12816,0.086761,0.017692,0.038628,0.068423,0.16278,0.042029,0.06228,0.047424,0.030175,0.089422,0.091513,0.071178,0.047631,0.12387,0.011836,0.051979,0.068382,0.13174,0.046888,0.01449,0.043193,0.083598,0.079617,0.022244,0.064455,0.032765,0.094498,0.059485,0.019768,0.08972,0.094209,0.1389,0.12052,0.18683,0.095786,0.089395,0.14268,0.26254,0.29397,0.25186,0.14598,1
0.31772,0.33193,0.40382,0.2685,0.41063,0.15132,0.23133,0.291,0.23658,0.097444,0.29284,0.1756,0.244,0.13653,0.24022,0.068754,0.19585,0.22851,0.20159,0.088591,0.12144,0.052648,0.16503,0.28224,0.15104,0.027697,0.10364,0.078274,0.16886,0.11002,0.071032,0.036935,0.1153,0.078704,0.041385,0.092383,0.081104,0.040836,0.11681,0.11148,0.055134,0.050315,0.1263,0.05567,0.083307,0.13587,0.15313,0.06045,0.13569,0.14689,0.071284,0.087057,0.14487,0.093806,0.15422,0.087219,0.080427,0.20902,0.12474,0.005115,0.23959,0.14262,0.089384,0.038005,0.14573,0.14794,0.14067,0.16999,0.26064,0.16964,0.20551,0.21238,0.22857,0.20235,0.11652,0.15789,1
0.29835,0.26556,0.28773,0.20469,0.41301,0.1228,0.38859,0.40934,0.26546,0.030731,0.14747,0.23836,0.30896,0.097239,0.17021,0.10289,0.11132,0.23193,0.12676,0.040434,0.14358,0.178,0.090989,0.097562,0.12507,0.128,0.082283,0.081759,0.10325,0.090407,0.094186,0.099222,0.062779,0.06986,0.095752,0.097335,0.029036,0.10729,0.063239,0.089004,0.081522,0.10699,0.047308,0.092017,0.093701,0.098251,0.074203,0.12936,0.083744,0.083296,0.1082,0.071134,0.098234,0.087713,0.093664,0.098406,0.049064,0.12469,0.086188,0.28469,0.15146,0.076569,0.31959,0.18318,0.056938,0.32588,0.245,0.037742,0.35948,0.23483,0.072449,0.033693,0.24871,0.12938,0.076557,0.1238,1
0.28949,0.33072,0.39311,0.15251,0.42957,0.15394,0.2825,0.349,0.23844,0.040852,0.26232,0.21363,0.20882,0.11333,0.19928,0.070932,0.1711,0.26046,0.16639,0.10973,0.12851,0.099621,0.17597,0.22207,0.13416,0.11683,0.1329,0.065851,0.14421,0.058986,0.17897,0.067673,0.10616,0.029898,0.15543,0.04131,0.15173,0.061525,0.034495,0.078812,0.12612,0.084755,0.080579,0.059854,0.13903,0.037962,0.043503,0.098684,0.030857,0.069654,0.097243,0.14048,0.094059,0.10235,0.11001,0.17718,0.095796,0.1341,0.13316,0.18855,0.16123,0.11339,0.21239,0.1324,0.074173,0.2652,0.19569,0.077222,0.32083,0.22418,0.12679,0.12908,0.26548,0.12051,0.0908,0.18414,1
0.28159,0.24282,0.29995,0.1488,0.34917,0.12253,0.35009,0.40018,0.34347,0.11075,0.16524,0.20918,0.31624,0.051321,0.18042,0.054171,0.02863,0.25379,0.13724,0.080784,0.024672,0.15609,0.061359,0.14945,0.060393,0.12827,0.076716,0.095284,0.089453,0.080619,0.061725,0.1559,0.000796,0.048458,0.017088,0.1452,0.037742,0.029881,0.13473,0.11238,0.058621,0.070343,0.091935,0.081396,0.03341,0.087306,0.092278,0.14679,0.056991,0.10705,0.17096,0.055746,0.089239,0.16675,0.088384,0.1097,0.13149,0.14605,0.19072,0.025129,0.18257,0.21058,0.041795,0.076339,0.18991,0.10176,0.11882,0.070543,0.19835,0.21168,0.15889,0.14656,0.29811,0.22362,0.05502,0.25538,1
0.32031,0.23077,0.34618,0.21429,0.34248,0.16501,0.35621,0.43445,0.21798,0.054752,0.11229,0.21276,0.33133,0.16162,0.1414,0.14374,0.054102,0.17055,0.12761,0.11378,0.097013,0.16531,0.040369,0.007739,0.13124,0.12841,0.075932,0.056542,0.075684,0.10284,0.13406,0.077584,0.034928,0.029053,0.15682,0.060754,0.064335,0.081372,0.12111,0.03656,0.075461,0.079023,0.11656,0.046129,0.16258,0.062278,0.096738,0.058935,0.078061,0.11888,0.060983,0.091629,0.1376,0.074655,0.12055,0.087734,0.096885,0.14671,0.082474,0.16132,0.15554,0.042638,0.18144,0.17521,0.041125,0.19862,0.24514,0.15895,0.23455,0.26518,0.18686,0.049433,0.26632,0.1956,0.025383,0.107,1
0.053793,0.2275,0.39836,0.21065,0.035603,0.16325,0.37004,0.18138,0.41218,0.070616,0.18587,0.15754,0.07809,0.046121,0.10661,0.15778,0.057382,0.03113,0.08736,0.12597,0.096947,0.025877,0.09249,0.073639,0.11274,0.037124,0.050789,0.12447,0.012673,0.07627,0.060727,0.096213,0.11458,0.04766,0.078496,0.072004,0.094069,0.061507,0.057215,0.11534,0.050155,0.062906,0.045531,0.097603,0.096428,0.089088,0.044364,0.034345,0.10858,0.063857,0.039926,0.039863,0.10881,0.039643,0.068825,0.092005,0.086169,0.083373,0.066362,0.1205,0.055622,0.11967,0.10097,0.051013,0.082827,0.12154,0.14235,0.11541,0.17258,0.10207,0.057312,0.075082,0.25723,0.24588,0.15172,0.11486,1
0.30473,0.36398,0.41749,0.27523,0.47582,0.10856,0.2774,0.26304,0.17279,0.19026,0.33326,0.12857,0.21935,0.15294,0.26342,0.11986,0.16659,0.24587,0.16165,0.19793,0.093471,0.039307,0.18054,0.27777,0.10015,0.16414,0.081544,0.075903,0.17754,0.21419,0.04662,0.07247,0.17751,0.07381,0.13141,0.091173,0.06335,0.1404,0.19176,0.06314,0.09351,0.11509,0.11194,0.19511,0.16303,0.10597,0.045282,0.022558,0.17336,0.074385,0.10137,0.085616,0.1221,0.1803,0.056089,0.10148,0.22084,0.10105,0.036653,0.08106,0.18644,0.065918,0.078167,0.16253,0.16638,0.1925,0.14901,0.22371,0.33341,0.11662,0.26417,0.13903,0.16155,0.20073,0.18264,0.039429,1
0.31224,0.33541,0.37288,0.25739,0.48765,0.10444,0.31626,0.31627,0.23616,0.15022,0.24876,0.25761,0.22499,0.057901,0.14183,0.051203,0.1924,0.34063,0.16814,0.13966,0.099703,0.12237,0.19862,0.25829,0.10621,0.04272,0.175,0.07477,0.09859,0.053376,0.1347,0.090417,0.15178,0.059712,0.18915,0.066965,0.059722,0.079736,0.12317,0.13711,0.068482,0.092132,0.069428,0.029171,0.14139,0.072121,0.11296,0.057161,0.084137,0.088199,0.11052,0.094287,0.11915,0.11601,0.1175,0.095901,0.12654,0.10552,0.14024,0.13527,0.068032,0.11715,0.23897,0.12755,0.11484,0.3206,0.1723,0.13051,0.37034,0.20588,0.12578,0.16008,0.19407,0.12068,0.079517,0.093219,1
0.2444,0.25385,0.3586,0.1895,0.47036,0.10564,0.27688,0.35776,0.36022,0.13291,0.391,0.16954,0.17205,0.028945,0.2342,0.1355,0.25996,0.30416,0.096484,0.10386,0.12179,0.14737,0.21137,0.2729,0.19825,0.13307,0.031062,0.10816,0.24124,0.19926,0.16317,0.094375,0.053722,0.10807,0.070029,0.23296,0.044199,0.022919,0.086444,0.1384,0.097342,0.16378,0.10144,0.071575,0.025068,0.076391,0.049073,0.095239,0.09842,0.019739,0.092053,0.11136,0.081545,0.076928,0.090861,0.068734,0.06849,0.032884,0.083573,0.12346,0.16844,0.060784,0.10559,0.10734,0.12489,0.071509,0.04529,0.12525,0.20019,0.088424,0.1854,0.19604,0.20119,0.21554,0.17109,0.21761,1
0.26145,0.27197,0.37528,0.17625,0.28863,0.19654,0.34606,0.35468,0.16129,0.093534,0.058471,0.18543,0.347,0.1504,0.060336,0.13466,0.084861,0.13351,0.13557,0.12524,0.051266,0.13877,0.07226,0.010929,0.048975,0.16589,0.066586,0.058471,0.019415,0.16614,0.064991,0.10608,0.062492,0.051087,0.065243,0.11583,0.085041,0.053621,0.080394,0.11907,0.073603,0.096254,0.062492,0.075733,0.063272,0.12765,0.10497,0.030893,0.1574,0.066116,0.047466,0.009569,0.053265,0.070346,0.036532,0.14801,0.10999,0.053676,0.15726,0.1455,0.05379,0.18026,0.083497,0.11466,0.12958,0.068811,0.17524,0.24691,0.13623,0.27034,0.21408,0.12069,0.29573,0.23578,0.030762,0.13115,1
0.17096,0.32047,0.3245,0.10868,0.56941,0.037245,0.43886,0.32425,0.23711,0.19744,0.22239,0.22102,0.23072,0.23185,0.1608,0.04432,0.12277,0.25123,0.077482,0.13033,0.091774,0.12887,0.057332,0.02955,0.099169,0.10019,0.074958,0.099721,0.088929,0.10756,0.023705,0.073789,0.13519,0.065684,0.033286,0.082053,0.078804,0.10694,0.016034,0.057672,0.014079,0.037101,0.11964,0.02872,0.069785,0.049127,0.10456,0.093473,0.015868,0.12473,0.054401,0.050108,0.065774,0.054001,0.14324,0.050269,0.048055,0.13711,0.16435,0.098882,0.020568,0.21983,0.13806,0.086961,0.10169,0.1031,0.27032,0.072495,0.25094,0.16682,0.31974,0.10701,0.080755,0.30022,0.1586,0.14594,1
0.10176,0.25441,0.42354,0.046664,0.27806,0.1988,0.48129,0.15417,0.2609,0.084293,0.28998,0.20792,0.10427,0.19856,0.015363,0.078245,0.13724,0.23621,0.097657,0.13447,0.074372,0.12421,0.13873,0.1479,0.11295,0.10905,0.021095,0.12601,0.099952,0.15421,0.12377,0.033058,0.018604,0.059684,0.094208,0.14783,0.10543,0.036303,0.047472,0.046318,0.076675,0.11639,0.12064,0.038033,0.093357,0.13933,0.06099,0.061523,0.059058,0.096278,0.06462,0.042357,0.094214,0.10558,0.16703,0.065111,0.085842,0.021158,0.05659,0.022716,0.20759,0.089318,0.14879,0.20744,0.12402,0.11364,0.094422,0.18746,0.21127,0.28575,0.23718,0.043215,0.22743,0.1564,0.17686,0.14314,1
0.16373,0.38271,0.32955,0.22495,0.45296,0.10534,0.30035,0.097136,0.30087,0.15929,0.3435,0.07309,0.30566,0.094072,0.12478,0.1702,0.1358,0.20564,0.13159,0.12511,0.14745,0.040992,0.1086,0.14642,0.12489,0.055998,0.10761,0.12623,0.12396,0.16688,0.051824,0.10011,0.016866,0.13165,0.16849,0.057554,0.13099,0.031533,0.036132,0.10379,0.10035,0.082638,0.074618,0.065425,0.076343,0.18406,0.077208,0.13072,0.059614,0.19326,0.11007,0.035553,0.13025,0.10177,0.17043,0.026209,0.22446,0.052438,0.10452,0.05,0.20557,0.14683,0.099922,0.11344,0.21805,0.10984,0.052957,0.052621,0.096005,0.21032,0.20334,0.12874,0.15385,0.39643,0.13912,0.19275,1
0.25488,0.17225,0.29181,0.11103,0.35786,0.1145,0.41428,0.44272,0.25279,0.11628,0.11599,0.21664,0.25981,0.18717,0.13352,0.15382,0.082038,0.25104,0.099084,0.11328,0.084535,0.21265,0.021852,0.068969,0.041833,0.19546,0.071259,0.059387,0.17163,0.15312,0.083651,0.11657,0.098057,0.03981,0.081555,0.16666,0.01018,0.037415,0.088105,0.18715,0.069482,0.081129,0.092916,0.081002,0.062767,0.068638,0.05789,0.087206,0.10747,0.049783,0.10285,0.039849,0.006939,0.10695,0.068387,0.11956,0.091983,0.10796,0.17793,0.062943,0.13369,0.21527,0.071175,0.069875,0.19592,0.13767,0.16613,0.11783,0.21124,0.25,0.19169,0.10065,0.28532,0.22114,0.060917,0.17804,1
0.27833,0.16319,0.25791,0.22586,0.32737,0.16699,0.40137,0.46747,0.19611,0.11884,0.048673,0.14974,0.23841,0.13524,0.13095,0.15073,0.1033,0.048864,0.056403,0.1154,0.13678,0.081856,0.083975,0.17126,0.16248,0.089302,0.10484,0.047505,0.14351,0.094552,0.10967,0.046491,0.17455,0.006893,0.097015,0.082413,0.16899,0.055069,0.0758,0.097699,0.13815,0.11281,0.097662,0.019848,0.071268,0.076649,0.12283,0.10551,0.092376,0.16184,0.10201,0.049796,0.16404,0.09957,0.09133,0.048209,0.10081,0.12947,0.077985,0.13226,0.14723,0.087926,0.16744,0.16632,0.11084,0.19797,0.24168,0.1467,0.22613,0.29777,0.17205,0.14419,0.28821,0.20588,0.087236,0.030579,1
0.28742,0.27267,0.32287,0.1431,0.47559,0.0676,0.38234,0.40576,0.27698,0.15006,0.24637,0.25779,0.22639,0.10837,0.22794,0.041811,0.19438,0.31811,0.10304,0.1547,0.1325,0.1138,0.19546,0.15921,0.032549,0.02909,0.21162,0.035951,0.057544,0.11253,0.13174,0.14078,0.1146,0.072865,0.064841,0.20419,0.10749,0.10868,0.091771,0.15144,0.058338,0.18895,0.04803,0.03058,0.12032,0.063189,0.14081,0.1236,0.1057,0.14251,0.20287,0.036841,0.096801,0.23344,0.07657,0.05238,0.24048,0.11166,0.099254,0.039547,0.17439,0.14362,0.18891,0.052238,0.18493,0.28461,0.086584,0.20181,0.37862,0.13594,0.16459,0.14274,0.20707,0.12961,0.067643,0.16892,1
0.14833,0.15147,0.40425,0.032019,0.16961,0.17634,0.39946,0.37948,0.26277,0.16522,0.11951,0.079588,0.17989,0.1111,0.11899,0.052433,0.134,0.084706,0.17702,0.061939,0.15152,0.034547,0.063621,0.11109,0.16766,0.10869,0.061694,0.054882,0.06372,0.16538,0.099132,0.082885,0.052602,0.03049,0.10092,0.14116,0.070704,0.065497,0.042302,0.149,0.092474,0.069933,0.098377,0.055981,0.099155,0.10394,0.092733,0.022222,0.16439,0.032101,0.077855,0.05729,0.11114,0.10269,0.017276,0.11601,0.073835,0.11185,0.090275,0.048501,0.14895,0.021256,0.10641,0.15613,0.12629,0.16077,0.11481,0.054202,0.084364,0.098221,0.18776,0.17503,0.26391,0.28832,0.18558,0.10434,1
0.079835,0.22592,0.28637,0.38749,0.41922,0.39017,0.2041,0.48481,0.028618,0.19598,0.078842,0.064755,0.24774,0.18549,0.20612,0.18724,0.17165,0.11352,0.083633,0.060417,0.09554,0.1445,0.052331,0.13056,0.18343,0.15154,0.084847,0.089411,0.10414,0.17815,0.15744,0.066326,0.060792,0.05983,0.1211,0.014925,0.027835,0.12251,0.1165,0.19833,0.11426,0.099446,0.061236,0.081719,0.17817,0.053156,0.070271,0.03293,0.17929,0.1102,0.15011,0.014134,0.043107,0.081478,0.096128,0.080326,0.19509,0.2061,0.042384,0.17938,0.093374,0.21574,0.10111,0.11259,0.29922,0.049672,0.11179,0.042951,0.25511,0.18553,0.11494,0.095062,0.13407,0.19358,0.18764,0.11174,1
0.31993,0.19058,0.16752,0.13086,0.37916,0.097042,0.37886,0.45515,0.28039,0.039501,0.1716,0.30567,0.25536,0.067978,0.15501,0.12723,0.21519,0.27891,0.060218,0.070775,0.2431,0.11059,0.12553,0.12956,0.21388,0.024807,0.18711,0.13432,0.050088,0.05283,0.15658,0.064392,0.12564,0.17494,0.1089,0.06083,0.14214,0.061236,0.13933,0.042756,0.11082,0.028671,0.17777,0.016192,0.092846,0.047237,0.14504,0.14352,0.063743,0.16201,0.12822,0.038033,0.17913,0.098579,0.047039,0.04883,0.075127,0.078576,0.048001,0.11193,0.1127,0.037706,0.14992,0.2291,0.005015,0.19498,0.25458,0.22535,0.24666,0.29515,0.21429,0.043385,0.29684,0.25324,0.065597,0.11425,1
0.33905,0.17263,0.20934,0.18213,0.45924,0.074793,0.24768,0.4301,0.41833,0.092191,0.24091,0.21024,0.32741,0.14735,0.20333,0.084903,0.11552,0.32375,0.24247,0.097125,0.18127,0.10617,0.033158,0.21684,0.16859,0.035319,0.06962,0.13212,0.11919,0.061734,0.092431,0.006825,0.10264,0.16613,0.025575,0.098944,0.010816,0.094734,0.12757,0.053866,0.045399,0.063198,0.10977,0.13169,0.057336,0.038931,0.10523,0.011974,0.014067,0.12729,0.058636,0.054632,0.10251,0.10639,0.060134,0.078221,0.065324,0.10629,0.012474,0.19939,0.12671,0.032964,0.20843,0.17898,0.031338,0.2217,0.24173,0.13122,0.28473,0.25935,0.17248,0.12873,0.24089,0.23389,0.11532,0.066623,1
0.19779,0.70732,0.15401,0.61448,0.043016,0.14642,0.20214,0.19855,0.19438,0.076585,0.11967,0.21068,0.094051,0.19812,0.10595,0.11094,0.12656,0.11521,0.10448,0.11154,0.099709,0.14025,0.092014,0.066303,0.12248,0.12025,0.089494,0.08675,0.037331,0.10491,0.10574,0.095983,0.073712,0.034287,0.10579,0.12069,0.056061,0.060225,0.056134,0.088754,0.09966,0.075528,0.037732,0.058171,0.10196,0.087597,0.057604,0.042655,0.077299,0.091458,0.080951,0.025735,0.070891,0.084571,0.10401,0.046074,0.075188,0.079211,0.10503,0.082191,0.1045,0.095531,0.098883,0.099385,0.13352,0.15014,0.071215,0.063833,0.18941,0.21227,0.09618,0.10894,0.21098,0.31426,0.27156,0.34985,1
0.10163,0.14027,0.28495,0.063094,0.042194,0.16483,0.47508,0.24456,0.40058,0.038081,0.18131,0.116,0.096442,0.2034,0.084054,0.13345,0.036392,0.097219,0.15659,0.11229,0.051307,0.036811,0.14173,0.088033,0.09481,0.03524,0.044062,0.081306,0.057815,0.053911,0.064519,0.038148,0.049325,0.061945,0.057863,0.079014,0.030512,0.014404,0.070294,0.092477,0.093222,0.04878,0.016031,0.030804,0.068206,0.073233,0.057998,0.0158,0.093149,0.020781,0.065355,0.077275,0.098274,0.042202,0.039692,0.09405,0.058484,0.093116,0.015257,0.11367,0.030243,0.10188,0.081966,0.051589,0.080934,0.1064,0.14343,0.11714,0.16555,0.10772,0.098139,0.1681,0.26255,0.32434,0.17539,0.15329,1
0.30178,0.22396,0.29322,0.13201,0.38429,0.12287,0.39535,0.46045,0.26895,0.023005,0.15003,0.24318,0.28822,0.10375,0.15745,0.13633,0.086056,0.26798,0.14753,0.068341,0.15956,0.2026,0.018636,0.12866,0.12942,0.1114,0.124,0.19182,0.091101,0.071853,0.11754,0.1057,0.062827,0.15827,0.10991,0.039113,0.097518,0.091589,0.017078,0.013427,0.091717,0.057416,0.068674,0.11682,0.11492,0.046379,0.066288,0.055401,0.057597,0.092484,0.059722,0.14914,0.10702,0.060811,0.14736,0.15098,0.064122,0.12874,0.12246,0.14873,0.13575,0.10277,0.19679,0.21383,0.072883,0.23819,0.23683,0.14576,0.2682,0.27368,0.16071,0.038609,0.26021,0.18957,0.054815,0.1367,1
0.27877,0.30133,0.37302,0.24965,0.51515,0.075593,0.38665,0.37653,0.14858,0.17547,0.20508,0.24074,0.20048,0.18291,0.15703,0.098962,0.16661,0.24016,0.13911,0.12474,0.16419,0.17211,0.08703,0.066993,0.085819,0.092917,0.19366,0.033012,0.10637,0.12154,0.20278,0.13423,0.054078,0.11269,0.1109,0.20893,0.10602,0.043657,0.079517,0.19205,0.11752,0.065732,0.099795,0.15415,0.04262,0.032493,0.16647,0.058237,0.09159,0.14113,0.1188,0.05811,0.060018,0.20826,0.075849,0.10163,0.20232,0.11247,0.1613,0.1067,0.11853,0.22547,0.12359,0.18809,0.21459,0.3018,0.087308,0.21546,0.42041,0.085189,0.22909,0.10566,0.15392,0.12152,0.10741,0.038567,1
0.29502,0.3083,0.4412,0.23827,0.35925,0.18143,0.3275,0.33895,0.1563,0.062436,0.15627,0.15076,0.32471,0.19561,0.20978,0.074334,0.007618,0.14873,0.17403,0.031156,0.11144,0.15243,0.076162,0.067009,0.13372,0.085186,0.079675,0.15229,0.11663,0.040167,0.093156,0.1214,0.10061,0.099846,0.079113,0.062347,0.079758,0.11797,0.082776,0.051927,0.074172,0.076606,0.073469,0.061546,0.068307,0.055726,0.13704,0.088502,0.048722,0.12296,0.042667,0.22138,0.12334,0.027469,0.21341,0.137,0.019518,0.21692,0.14278,0.13247,0.21771,0.10006,0.14918,0.15592,0.088341,0.20916,0.20259,0.13674,0.25735,0.23924,0.14621,0.10873,0.24767,0.142,0.07542,0.1016,1
0.30505,0.262,0.33408,0.22807,0.42266,0.10565,0.33213,0.3187,0.31808,0.070676,0.28033,0.20534,0.25638,0.03487,0.21359,0.046116,0.18036,0.29775,0.15803,0.034138,0.07717,0.034682,0.17131,0.28004,0.13403,0.041897,0.06894,0.080165,0.18131,0.10793,0.059414,0.075202,0.072387,0.10438,0.023687,0.05209,0.10978,0.11248,0.046696,0.046178,0.069359,0.085428,0.13714,0.10706,0.054424,0.11921,0.13484,0.034873,0.10451,0.13256,0.018319,0.12653,0.11872,0.046519,0.14965,0.091033,0.045321,0.19908,0.085747,0.062082,0.23678,0.10179,0.14267,0.10426,0.10012,0.1852,0.1775,0.15445,0.25852,0.22955,0.16251,0.16179,0.25547,0.1881,0.072339,0.14824,1
0.26371,0.22421,0.38188,0.1417,0.27556,0.18946,0.40968,0.36808,0.14144,0.11329,0.058112,0.20417,0.22354,0.1152,0.037019,0.18987,0.11693,0.028798,0.079428,0.17458,0.072027,0.081685,0.052958,0.18149,0.06989,0.13065,0.028913,0.077033,0.040729,0.1486,0.034401,0.075991,0.078908,0.099809,0.049991,0.06846,0.09009,0.095675,0.011314,0.064288,0.096448,0.10167,0.045445,0.081962,0.063229,0.14402,0.016658,0.087531,0.15496,0.031422,0.10798,0.086452,0.051255,0.12702,0.095495,0.079897,0.15369,0.090636,0.090401,0.031632,0.063362,0.12107,0.081947,0.226,0.11021,0.11282,0.27328,0.20181,0.17236,0.29861,0.21603,0.030831,0.31387,0.21413,0.011986,0.13585,1
0.13768,0.43226,0.34166,0.16075,0.26767,0.23291,0.32571,0.11323,0.29116,0.20903,0.015446,0.1227,0.21442,0.074195,0.12765,0.099066,0.1635,0.079736,0.048667,0.17963,0.037968,0.072499,0.14127,0.060372,0.10785,0.066775,0.1262,0.087882,0.02852,0.13734,0.048783,0.091435,0.11707,0.071014,0.10128,0.018505,0.11128,0.088964,0.035645,0.090968,0.049879,0.10144,0.071888,0.049642,0.14337,0.11049,0.064448,0.048514,0.14824,0.11848,0.014395,0.025306,0.13297,0.10509,0.050951,0.068751,0.16665,0.087575,0.028151,0.068268,0.12014,0.097875,0.091203,0.12597,0.19897,0.074847,0.038654,0.043718,0.10654,0.11624,0.12108,0.18181,0.29358,0.15029,0.18916,0.1904,1
0.33864,0.25014,0.35863,0.2769,0.33752,0.15505,0.31081,0.373,0.27395,0.04849,0.13154,0.203,0.33052,0.14534,0.14362,0.11729,0.017414,0.18794,0.13727,0.090936,0.049594,0.19007,0.029362,0.10803,0.047466,0.18719,0.10065,0.1193,0.12037,0.1816,0.12179,0.13498,0.0372,0.11795,0.13056,0.13348,0.069734,0.10333,0.10204,0.13163,0.094524,0.10587,0.059423,0.15062,0.12103,0.1415,0.029386,0.055493,0.17054,0.028984,0.067817,0.044835,0.038839,0.058529,0.09189,0.10755,0.074444,0.1342,0.12602,0.041966,0.14018,0.13369,0.093677,0.11499,0.089986,0.14642,0.20541,0.12238,0.21967,0.26732,0.13585,0.13355,0.28836,0.21596,0.022199,0.21582,1
0.26899,0.26219,0.39423,0.16502,0.39884,0.1246,0.33333,0.38315,0.24463,0.060705,0.18068,0.19688,0.2784,0.11686,0.23415,0.057487,0.085896,0.22282,0.13464,0.039014,0.11538,0.16846,0.15773,0.085217,0.099154,0.10473,0.17645,0.11379,0.085493,0.051384,0.18149,0.11221,0.062905,0.058562,0.14344,0.10053,0.10371,0.038765,0.086265,0.088051,0.13278,0.081042,0.044795,0.093441,0.099142,0.12986,0.093387,0.09182,0.090171,0.075004,0.09058,0.17277,0.074136,0.1069,0.22799,0.072832,0.087598,0.23679,0.11706,0.078392,0.25817,0.10877,0.12792,0.087398,0.10263,0.20464,0.15182,0.10051,0.28529,0.19782,0.16404,0.10797,0.27092,0.15387,0.07411,0.20241,1
0.27806,0.10691,0.18674,0.2249,0.1164,0.1751,0.40556,0.47873,0.15645,0.19474,0.14555,0.056074,0.1931,0.079129,0.20018,0.1352,0.11598,0.16465,0.12819,0.094073,0.14065,0.061332,0.062874,0.16091,0.16043,0.080924,0.06301,0.11303,0.035177,0.13592,0.11576,0.10346,0.04539,0.025557,0.10325,0.13981,0.047137,0.025511,0.10577,0.13858,0.091779,0.045657,0.11717,0.038148,0.078182,0.078971,0.11961,0.082997,0.1552,0.051063,0.041728,0.10116,0.079205,0.12313,0.059109,0.062648,0.087571,0.095805,0.11216,0.11525,0.19808,0.11713,0.023953,0.059704,0.057184,0.12651,0.079254,0.1315,0.11978,0.10866,0.18027,0.17127,0.26756,0.345,0.16079,0.15957,1
0.26336,0.086131,0.17479,0.22311,0.20135,0.18797,0.49851,0.41452,0.072482,0.14583,0.1324,0.21803,0.18106,0.25023,0.11641,0.19382,0.077674,0.17508,0.077222,0.14023,0.089832,0.029989,0.15322,0.15472,0.10287,0.029115,0.14463,0.055519,0.10328,0.056923,0.14227,0.067865,0.074171,0.13176,0.13051,0.11685,0.09151,0.074597,0.037875,0.12908,0.071954,0.068759,0.04064,0.098149,0.099299,0.10337,0.008332,0.030083,0.088216,0.044355,0.033323,0.057866,0.089152,0.030023,0.10919,0.14331,0.075243,0.165,0.092163,0.052548,0.1582,0.06669,0.084678,0.014691,0.092064,0.068303,0.098733,0.18688,0.023283,0.23391,0.27966,0.15781,0.30741,0.32166,0.072119,0.042975,1
0.32685,0.22223,0.32916,0.2473,0.4207,0.093312,0.31036,0.42625,0.32921,0.040175,0.20279,0.1756,0.30111,0.10424,0.22116,0.052318,0.086993,0.26785,0.20232,0.062958,0.13086,0.15834,0.10546,0.16814,0.10919,0.068146,0.1428,0.14173,0.053113,0.011353,0.12466,0.1305,0.03561,0.095091,0.10207,0.10917,0.091653,0.084506,0.049765,0.12073,0.10716,0.058972,0.059582,0.13745,0.091472,0.087652,0.050214,0.13779,0.066236,0.053862,0.17361,0.13426,0.073478,0.16157,0.17133,0.024885,0.11673,0.20745,0.033915,0.17336,0.22271,0.063279,0.2268,0.14777,0.050876,0.27625,0.2026,0.08987,0.31734,0.24434,0.12854,0.065775,0.25163,0.18312,0.023965,0.13365,1
0.11793,0.24166,0.27798,0.10376,0.1234,0.16357,0.43065,0.29517,0.34323,0.12887,0.067813,0.093059,0.22273,0.20422,0.098725,0.010529,0.076599,0.031613,0.13748,0.072469,0.067431,0.1097,0.014978,0.035785,0.071838,0.12086,0.092927,0.065908,0.06497,0.090396,0.14775,0.086372,0.051908,0.045817,0.10938,0.11493,0.06846,0.069379,0.080855,0.10864,0.064652,0.031522,0.077318,0.064673,0.060271,0.078641,0.049183,0.12692,0.088439,0.092759,0.095979,0.10055,0.10729,0.10117,0.14676,0.061028,0.12576,0.10819,0.1075,0.12217,0.11847,0.15062,0.055939,0.0704,0.073915,0.13929,0.15867,0.10697,0.15863,0.085381,0.094396,0.050802,0.28463,0.29597,0.13447,0.14896,1
0.16287,0.23446,0.31654,0.20833,0.2778,0.15617,0.39276,0.33405,0.30923,0.21068,0.12383,0.16582,0.29039,0.16138,0.091624,0.085668,0.096227,0.21896,0.18369,0.077299,0.10766,0.087962,0.16056,0.096362,0.030354,0.086669,0.14608,0.070796,0.035374,0.049567,0.019766,0.090501,0.062937,0.077989,0.018392,0.093642,0.083014,0.098764,0.043521,0.069522,0.10046,0.12012,0.014766,0.068986,0.015258,0.10602,0.058839,0.082137,0.067818,0.049881,0.058978,0.012837,0.072702,0.092898,0.020426,0.055694,0.048926,0.12628,0.085141,0.076967,0.1652,0.096431,0.077283,0.049611,0.18091,0.13443,0.031965,0.128,0.08326,0.065324,0.02949,0.094289,0.27429,0.2311,0.15073,0.26724,1
0.31811,0.31593,0.37765,0.27807,0.56354,0.063453,0.29595,0.30753,0.26568,0.23179,0.3516,0.19088,0.16516,0.056763,0.13333,0.1667,0.21756,0.33024,0.11621,0.24778,0.055774,0.092094,0.26133,0.19251,0.14664,0.12569,0.063899,0.2096,0.21231,0.027282,0.10841,0.089178,0.16191,0.19174,0.073029,0.10118,0.045013,0.15675,0.18642,0.065185,0.067907,0.03183,0.13433,0.20192,0.12748,0.13534,0.22206,0.046779,0.031377,0.23722,0.09779,0.06773,0.1536,0.21193,0.063739,0.17141,0.21549,0.06083,0.20635,0.1356,0.027179,0.20985,0.18369,0.17294,0.18247,0.31006,0.12769,0.15017,0.38715,0.16727,0.11664,0.15717,0.13037,0.14523,0.11766,0.017241,1
0.23764,0.30502,0.37743,0.1885,0.50736,0.057158,0.32502,0.30099,0.31381,0.18029,0.32331,0.19198,0.2047,0.10054,0.24173,0.11268,0.16916,0.32656,0.076799,0.17138,0.094608,0.016747,0.22314,0.21778,0.096429,0.17076,0.050505,0.13976,0.17995,0.17978,0.05599,0.021526,0.20439,0.17441,0.075682,0.015085,0.10498,0.12531,0.15126,0.11302,0.059391,0.090809,0.073777,0.15281,0.13933,0.09706,0.10416,0.14868,0.19772,0.007878,0.086945,0.046516,0.11565,0.13858,0.019893,0.17144,0.19689,0.11221,0.1365,0.11589,0.19811,0.012632,0.052707,0.084208,0.087753,0.16322,0.071491,0.22849,0.30581,0.12485,0.24558,0.22628,0.19425,0.21635,0.15879,0.1395,1
0.30243,0.27806,0.31157,0.24234,0.45561,0.093319,0.30435,0.37238,0.313,0.074231,0.25803,0.17267,0.28093,0.054333,0.24295,0.067654,0.13503,0.28253,0.17636,0.12911,0.086296,0.1068,0.091857,0.24474,0.034723,0.058864,0.047928,0.14215,0.038071,0.08861,0.09384,0.08492,0.14486,0.10743,0.11989,0.012947,0.17651,0.07001,0.15214,0.040657,0.1364,0.058162,0.18377,0.079061,0.11842,0.075645,0.088152,0.15868,0.095677,0.085032,0.1782,0.091461,0.066782,0.18893,0.11009,0.048168,0.17662,0.15273,0.06025,0.20758,0.19888,0.082979,0.2306,0.16087,0.081851,0.32193,0.16906,0.078032,0.37293,0.23001,0.076992,0.068673,0.25238,0.15202,0.065079,0.068864,1
0.11093,0.14716,0.41674,0.084187,0.26496,0.25018,0.48768,0.15958,0.23698,0.12837,0.27903,0.2073,0.068468,0.31304,0.026191,0.068222,0.084685,0.2072,0.13745,0.20725,0.1443,0.13246,0.10403,0.12587,0.11531,0.11481,0.027599,0.036513,0.10492,0.20119,0.19781,0.073774,0.057026,0.058797,0.059125,0.12593,0.14263,0.086656,0.0575,0.13128,0.12625,0.14545,0.073248,0.11192,0.17585,0.13017,0.039731,0.004322,0.093925,0.06569,0.047269,0.12726,0.12619,0.11984,0.12639,0.058197,0.051319,0.070405,0.076905,0.075296,0.23117,0.097043,0.086573,0.051624,0.10761,0.004954,0.12606,0.18354,0.22176,0.25469,0.13619,0.13417,0.16502,0.20838,0.24239,0.099352,1
0.33242,0.25566,0.32377,0.19859,0.30718,0.1769,0.35529,0.42101,0.24206,0.066259,0.09675,0.19055,0.33695,0.17282,0.086532,0.13164,0.032937,0.17707,0.18122,0.12901,0.066661,0.16418,0.035668,0.082973,0.081803,0.15434,0.043229,0.10999,0.066685,0.1518,0.06521,0.12108,0.043712,0.025206,0.070751,0.12547,0.046359,0.085651,0.093001,0.12456,0.052129,0.10774,0.056394,0.067057,0.061251,0.13927,0.026783,0.1007,0.15557,0.060799,0.13084,0.033243,0.076098,0.13044,0.043297,0.090869,0.13026,0.052993,0.095047,0.018784,0.068455,0.10171,0.071804,0.20005,0.091735,0.12022,0.26049,0.22036,0.17138,0.277,0.25024,0.049771,0.27368,0.2187,0.014143,0.10769,1
0.24424,0.26569,0.42121,0.18573,0.43307,0.087856,0.33683,0.37182,0.254,0.12728,0.24707,0.11951,0.30182,0.10077,0.28744,0.08053,0.036022,0.20305,0.14353,0.13384,0.11892,0.088701,0.15661,0.15233,0.12633,0.065962,0.044426,0.20794,0.12003,0.14927,0.0752,0.080963,0.084845,0.1537,0.12023,0.028467,0.053474,0.18019,0.098245,0.070059,0.056513,0.095954,0.15345,0.11021,0.095634,0.062146,0.10288,0.14612,0.14129,0.055882,0.14902,0.048688,0.082777,0.12866,0.02759,0.1737,0.14188,0.095179,0.15716,0.14211,0.21876,0.048878,0.11626,0.044997,0.081888,0.16786,0.076932,0.23191,0.28859,0.11675,0.25334,0.18583,0.22977,0.17951,0.1465,0.15307,1
0.27716,0.25404,0.41533,0.2377,0.38267,0.1382,0.33774,0.41876,0.2152,0.10724,0.084263,0.15001,0.20926,0.19687,0.057435,0.13311,0.14812,0.14861,0.062851,0.1056,0.13851,0.1361,0.092893,0.10608,0.12664,0.12609,0.064529,0.064323,0.059519,0.1284,0.074587,0.036528,0.066134,0.10476,0.10363,0.047117,0.045137,0.081369,0.039601,0.053514,0.032453,0.094256,0.089354,0.039166,0.12047,0.13595,0.071705,0.029588,0.13906,0.078796,0.03397,0.060343,0.11096,0.027375,0.065048,0.083792,0.075406,0.02918,0.10935,0.13027,0.041728,0.13245,0.19912,0.096543,0.12848,0.24541,0.17678,0.066648,0.28674,0.22362,0.084178,0.20933,0.24066,0.1017,0.12773,0.18953,1
0.26549,0.31344,0.36088,0.11873,0.50099,0.034735,0.28896,0.36406,0.31464,0.17393,0.39111,0.1406,0.10068,0.11633,0.27764,0.19959,0.21389,0.27376,0.054394,0.2396,0.077414,0.15433,0.26785,0.17633,0.11749,0.2635,0.048351,0.15598,0.25165,0.22573,0.16641,0.11908,0.058259,0.2654,0.17143,0.087405,0.11398,0.18685,0.095533,0.075107,0.21842,0.039579,0.13169,0.14456,0.097138,0.048639,0.014795,0.08168,0.11696,0.014529,0.050191,0.094113,0.057476,0.062125,0.017383,0.083217,0.1603,0.059249,0.070357,0.099257,0.14998,0.040336,0.024187,0.075148,0.094255,0.096347,0.034814,0.14004,0.28987,0.1071,0.20416,0.17933,0.22646,0.19465,0.16324,0.22682,1
0.34151,0.13461,0.10324,0.20954,0.2984,0.13266,0.46506,0.47579,0.20278,0.13641,0.054526,0.29617,0.26371,0.11811,0.11603,0.18428,0.091775,0.14044,0.087141,0.13067,0.12694,0.097154,0.067331,0.065728,0.12906,0.097114,0.063087,0.12984,0.15407,0.10323,0.091812,0.12696,0.10689,0.050654,0.10726,0.1043,0.099617,0.080219,0.1045,0.085181,0.098808,0.068652,0.083464,0.050897,0.11844,0.13759,0.067636,0.12184,0.1295,0.085597,0.12481,0.065025,0.10748,0.11622,0.10328,0.19245,0.11282,0.12483,0.22561,0.10356,0.12575,0.2226,0.091594,0.061836,0.17714,0.10581,0.15682,0.14624,0.15406,0.26312,0.21355,0.14369,0.29321,0.25439,0.15099,0.038967,1
0.11985,0.34554,0.38022,0.11024,0.40687,0.28446,0.34646,0.3006,0.36479,0.088626,0.25507,0.18356,0.13105,0.18109,0.19561,0.19044,0.12982,0.071907,0.12476,0.061862,0.036113,0.19211,0.082304,0.16726,0.054541,0.13122,0.13977,0.056229,0.021251,0.11388,0.029079,0.023621,0.11952,0.023614,0.11853,0.069166,0.093504,0.078242,0.034081,0.015385,0.059007,0.015204,0.058281,0.054931,0.039109,0.10611,0.098819,0.067503,0.17674,0.071002,0.073102,0.17976,0.063028,0.026599,0.10682,0.16674,0.14937,0.20449,0.10032,0.024253,0.15049,0.15286,0.060609,0.092112,0.037858,0.15366,0.17019,0.088377,0.094253,0.20636,0.31821,0.19103,0.31476,0.11561,0.17135,0.31892,1
0.28917,0.27428,0.38122,0.27225,0.60113,0.07333,0.28798,0.30494,0.25779,0.27533,0.37123,0.15286,0.18251,0.052185,0.11649,0.29103,0.14367,0.33822,0.093179,0.25776,0.16202,0.1667,0.29463,0.2024,0.14215,0.11885,0.1172,0.20894,0.3121,0.016163,0.18141,0.06977,0.025824,0.31467,0.14188,0.094657,0.070478,0.11558,0.22115,0.10285,0.050763,0.099223,0.14298,0.088449,0.013364,0.16569,0.046229,0.11049,0.081088,0.10553,0.14148,0.10776,0.13131,0.081238,0.20264,0.014833,0.11752,0.1385,0.10972,0.090331,0.032639,0.15133,0.13112,0.22083,0.12989,0.074639,0.24931,0.1726,0.30671,0.10674,0.30228,0.19717,0.091022,0.27411,0.23288,0.026555,1
0.27383,0.17814,0.37107,0.19667,0.27535,0.17184,0.40707,0.41726,0.13346,0.12602,0.049597,0.15468,0.25469,0.080441,0.059757,0.15985,0.14572,0.011762,0.078021,0.14686,0.083387,0.081484,0.033604,0.17867,0.068899,0.12822,0.079974,0.10484,0.054231,0.1445,0.095477,0.008647,0.059672,0.13442,0.10442,0.063342,0.096536,0.098954,0.021624,0.08663,0.10239,0.046141,0.080069,0.09861,0.098814,0.14362,0.026293,0.12771,0.14312,0.053122,0.1248,0.085097,0.065633,0.13208,0.087634,0.13659,0.13641,0.09287,0.14472,0.012458,0.089867,0.14001,0.039576,0.17467,0.13154,0.10189,0.22047,0.23291,0.16213,0.28997,0.21917,0.091849,0.29375,0.2433,0.022902,0.066453,1
0.32041,0.21497,0.2346,0.2104,0.42807,0.086411,0.34059,0.41759,0.35161,0.04862,0.17575,0.23532,0.30015,0.081998,0.17661,0.10289,0.11309,0.2564,0.21941,0.086004,0.16238,0.12066,0.03708,0.14064,0.16208,0.05512,0.067068,0.076991,0.16185,0.030349,0.048575,0.056664,0.078108,0.14771,0.057062,0.050231,0.061577,0.11765,0.020504,0.064639,0.04176,0.11377,0.027395,0.1089,0.069003,0.080272,0.13949,0.083886,0.053481,0.16079,0.10063,0.07172,0.16448,0.11141,0.11715,0.063921,0.1034,0.14692,0.018937,0.21308,0.16991,0.01329,0.26768,0.19041,0.035883,0.3051,0.24472,0.081918,0.32749,0.2606,0.13314,0.085745,0.26242,0.17541,0.118,0.091673,1
0.039205,0.18316,0.42427,0.21335,0.27108,0.18971,0.4497,0.22884,0.18461,0.11354,0.28868,0.2338,0.16116,0.18454,0.050804,0.12017,0.12054,0.20585,0.1213,0.14828,0.16781,0.17051,0.11708,0.16959,0.071666,0.048825,0.030005,0.15409,0.16177,0.18209,0.14801,0.1005,0.10006,0.044215,0.089363,0.097079,0.051334,0.049913,0.097264,0.15986,0.1632,0.093689,0.024862,0.022748,0.13233,0.13134,0.087529,0.033935,0.049656,0.034885,0.035519,0.10183,0.16494,0.10981,0.13246,0.054404,0.095521,0.010142,0.084993,0.078427,0.2162,0.12106,0.10148,0.099139,0.12482,0.037525,0.13224,0.25863,0.2207,0.27367,0.15185,0.15162,0.15962,0.26242,0.13366,0.052569,1
0.25131,0.32047,0.35313,0.10355,0.253,0.19237,0.42323,0.32662,0.21587,0.14404,0.10088,0.12784,0.17643,0.067636,0.053519,0.15199,0.14437,0.11221,0.10575,0.13807,0.1192,0.037851,0.067546,0.1582,0.12926,0.024957,0.096003,0.11919,0.068889,0.032243,0.13001,0.069425,0.057272,0.052344,0.14133,0.057855,0.096746,0.061478,0.054406,0.056501,0.12456,0.060937,0.053896,0.02461,0.13292,0.027717,0.090215,0.052977,0.019537,0.10981,0.071968,0.049802,0.1236,0.080078,0.033331,0.15639,0.1136,0.051227,0.15088,0.1438,0.065212,0.12642,0.15242,0.19788,0.13435,0.18003,0.24527,0.1305,0.17958,0.30403,0.14005,0.15852,0.31104,0.15842,0.095349,0.10678,1
0.32874,0.26913,0.30607,0.22068,0.51624,0.059846,0.3507,0.43373,0.30131,0.16946,0.27381,0.24995,0.1982,0.040794,0.1762,0.037644,0.20854,0.2633,0.17295,0.16381,0.16467,0.030132,0.14537,0.15979,0.057486,0.16504,0.13822,0.046378,0.042719,0.1857,0.017286,0.18597,0.12822,0.059851,0.12019,0.1664,0.054037,0.12954,0.10341,0.048705,0.14614,0.098215,0.069287,0.035471,0.15647,0.11846,0.15122,0.11445,0.090435,0.19113,0.071563,0.2199,0.14965,0.12657,0.20273,0.21752,0.21102,0.15112,0.26817,0.15428,0.031331,0.3037,0.22269,0.10134,0.2453,0.36127,0.086509,0.045277,0.42908,0.13587,0.09598,0.072826,0.16954,0.081321,0.040974,0.075445,1
0.29719,0.19286,0.36078,0.2229,0.29128,0.18011,0.36626,0.38488,0.14729,0.12067,0.048388,0.18674,0.30054,0.093524,0.11449,0.15635,0.10237,0.10143,0.065362,0.12154,0.053465,0.13501,0.043118,0.12278,0.082257,0.14215,0.073922,0.009929,0.06414,0.13301,0.10772,0.075739,0.028527,0.10493,0.12587,0.11238,0.081382,0.040284,0.057495,0.11912,0.12306,0.029908,0.071011,0.074292,0.1242,0.091052,0.078535,0.066873,0.11763,0.10076,0.078258,0.046563,0.098733,0.089102,0.090402,0.1207,0.10459,0.13306,0.12388,0.043376,0.13553,0.15117,0.03215,0.12873,0.14393,0.10203,0.20104,0.18039,0.15592,0.28294,0.22633,0.12488,0.30084,0.24925,0.050163,0.079548,1
0.24603,0.2182,0.35496,0.19012,0.26968,0.18401,0.43589,0.35452,0.20891,0.12499,0.0494,0.15255,0.25276,0.12864,0.064742,0.14461,0.14892,0.03018,0.047039,0.11577,0.09822,0.060441,0.055056,0.19434,0.1019,0.092177,0.068741,0.11656,0.072189,0.10282,0.10109,0.028653,0.10276,0.073546,0.12486,0.035108,0.11506,0.065328,0.018929,0.074805,0.10374,0.060385,0.069186,0.05012,0.12994,0.069445,0.080524,0.050734,0.099629,0.095461,0.060813,0.088806,0.10324,0.068595,0.093595,0.15197,0.090466,0.10803,0.14996,0.006357,0.10711,0.15032,0.057354,0.21463,0.14103,0.11707,0.25049,0.23343,0.16031,0.30529,0.21456,0.074429,0.30059,0.21598,0.006146,0.020885,1
0.33356,0.34508,0.39012,0.25306,0.50353,0.052904,0.22935,0.28503,0.32088,0.20011,0.35568,0.14571,0.093961,0.055147,0.15201,0.18535,0.27183,0.23571,0.086654,0.13018,0.062075,0.15404,0.29026,0.19259,0.059366,0.058916,0.089957,0.19876,0.27155,0.11416,0.077703,0.077501,0.054552,0.27777,0.077275,0.15943,0.032037,0.12385,0.1236,0.088818,0.076971,0.16746,0.05101,0.050747,0.043383,0.042271,0.16601,0.16555,0.018486,0.097409,0.20785,0.13662,0.11792,0.18779,0.16793,0.096103,0.21586,0.12103,0.11089,0.1204,0.17082,0.13647,0.19248,0.13202,0.12657,0.30163,0.14363,0.10998,0.32303,0.2057,0.14848,0.1405,0.20261,0.17438,0.077744,0.12601,1
0.18558,0.1931,0.29436,0.16234,0.19581,0.21089,0.48889,0.28605,0.34003,0.19729,0.12455,0.11572,0.088835,0.25323,0.094783,0.16838,0.096222,0.1297,0.070903,0.20369,0.1366,0.030456,0.068731,0.066991,0.14265,0.097132,0.098065,0.070268,0.046822,0.12968,0.14474,0.080848,0.049048,0.057828,0.14522,0.12299,0.083351,0.040269,0.082403,0.11828,0.15035,0.064058,0.071212,0.053412,0.10137,0.012271,0.10968,0.042154,0.08308,0.10075,0.022799,0.13555,0.10948,0.066816,0.17318,0.080171,0.15073,0.12556,0.038919,0.07069,0.084667,0.070587,0.079776,0.041435,0.13933,0.047982,0.13694,0.21512,0.06338,0.23998,0.23452,0.17577,0.30214,0.26013,0.047884,0.068539,1
0.2597,0.12387,0.25483,0.23474,0.24791,0.1885,0.45221,0.39083,0.119,0.17049,0.043156,0.23255,0.21449,0.19031,0.050545,0.20433,0.051311,0.080139,0.14784,0.22003,0.066576,0.065625,0.08845,0.13165,0.089105,0.13223,0.064535,0.091404,0.02757,0.15601,0.047046,0.10517,0.07441,0.066606,0.054699,0.13301,0.07485,0.042996,0.059395,0.15664,0.096553,0.061949,0.018625,0.11797,0.026317,0.10856,0.03349,0.11322,0.14284,0.022372,0.15608,0.13389,0.075977,0.18171,0.12042,0.045836,0.2145,0.056268,0.073273,0.10296,0.014478,0.11665,0.086561,0.092554,0.15986,0.024112,0.20941,0.21391,0.11715,0.25771,0.24564,0.15468,0.31983,0.28415,0.067661,0.066106,1
0.30007,0.30047,0.38783,0.29653,0.49558,0.068289,0.35955,0.32626,0.18557,0.19217,0.23103,0.23186,0.21742,0.15515,0.19295,0.08742,0.16339,0.29317,0.1351,0.14722,0.1476,0.17832,0.16667,0.14677,0.073997,0.050512,0.24448,0.023843,0.020592,0.061962,0.21036,0.16307,0.097399,0.11446,0.096639,0.24407,0.11158,0.080383,0.11665,0.20206,0.10134,0.15219,0.13031,0.07952,0.028717,0.043554,0.079357,0.0436,0.078826,0.080619,0.075255,0.093201,0.073597,0.17497,0.070507,0.12679,0.20197,0.070176,0.13469,0.057277,0.12681,0.15976,0.099969,0.1702,0.20863,0.25406,0.083867,0.26939,0.38822,0.078493,0.23328,0.1636,0.16028,0.15307,0.12935,0.04551,1
0.36237,0.26115,0.35947,0.27756,0.37343,0.15682,0.30173,0.42368,0.26178,0.048156,0.16184,0.14815,0.27804,0.24833,0.17372,0.10498,0.018015,0.13151,0.16518,0.10224,0.098367,0.13783,0.097416,0.042169,0.14105,0.12214,0.094413,0.098161,0.10692,0.10028,0.14409,0.074253,0.051708,0.013501,0.18418,0.03757,0.053617,0.042873,0.11127,0.024671,0.087286,0.040914,0.085116,0.031619,0.20163,0.045686,0.12016,0.016252,0.078241,0.15919,0.04647,0.060214,0.15689,0.074554,0.10861,0.070562,0.10176,0.1318,0.061786,0.18622,0.16393,0.047859,0.23637,0.22733,0.047068,0.25857,0.2322,0.16458,0.28698,0.25265,0.14077,0.065685,0.25092,0.15954,0.043201,0.077931,1
0.27953,0.27823,0.40265,0.21281,0.51655,0.07621,0.32406,0.39393,0.18229,0.14925,0.25513,0.18087,0.2417,0.13279,0.20884,0.060779,0.12893,0.25081,0.15218,0.19139,0.070966,0.12995,0.122,0.08734,0.049516,0.015024,0.13143,0.12624,0.063483,0.056352,0.10645,0.13547,0.14953,0.048185,0.061543,0.13989,0.13483,0.038914,0.037251,0.098801,0.12074,0.10147,0.10281,0.099768,0.10108,0.036806,0.1997,0.03227,0.048931,0.17007,0.15936,0.098632,0.11,0.23697,0.035352,0.095872,0.26955,0.080449,0.1815,0.052386,0.1462,0.19552,0.13058,0.18376,0.17941,0.30277,0.10594,0.20436,0.42214,0.12128,0.22015,0.15382,0.17766,0.13011,0.14442,0.071922,1
0.36286,0.26584,0.24255,0.1711,0.42409,0.10889,0.32675,0.42584,0.42604,0.052713,0.24721,0.264,0.23188,0.057757,0.15778,0.091972,0.16666,0.32773,0.18038,0.034022,0.18904,0.1514,0.14187,0.2602,0.10739,0.030266,0.18524,0.13727,0.10604,0.064408,0.095729,0.022661,0.17417,0.15793,0.13494,0.053858,0.083778,0.066857,0.15641,0.026964,0.12176,0.039607,0.082662,0.052823,0.15968,0.039333,0.10948,0.090504,0.020082,0.12334,0.076238,0.061646,0.11397,0.087866,0.06821,0.046013,0.08144,0.078863,0.020176,0.2019,0.093185,0.05953,0.24467,0.25094,0.065538,0.25856,0.27152,0.13646,0.2903,0.25421,0.14426,0.022959,0.24191,0.16665,0.075436,0.15269,1
0.27655,0.30563,0.369,0.19667,0.27289,0.22548,0.33301,0.28863,0.18867,0.13287,0.06114,0.20512,0.32226,0.080579,0.07091,0.12598,0.082357,0.16321,0.16961,0.099389,0.041508,0.159,0.12744,0.069339,0.015173,0.12567,0.11728,0.12271,0.065665,0.08383,0.079033,0.14607,0.10128,0.025572,0.054855,0.12295,0.13035,0.10557,0.055533,0.070014,0.10324,0.1472,0.099846,0.019503,0.055977,0.015309,0.031335,0.023111,0.043833,0.034583,0.025923,0.080356,0.027794,0.051901,0.056534,0.083018,0.072933,0.02922,0.088683,0.12736,0.041844,0.11924,0.11986,0.11291,0.13731,0.089366,0.1692,0.1945,0.11838,0.2567,0.2103,0.12766,0.31275,0.22547,0.086444,0.15624,1
0.34695,0.32289,0.34693,0.29179,0.51051,0.078371,0.31946,0.36012,0.29704,0.17976,0.29703,0.22129,0.18875,0.063928,0.17589,0.034987,0.20695,0.30579,0.1733,0.15604,0.11487,0.022408,0.17488,0.25755,0.027198,0.13628,0.13513,0.021197,0.15388,0.12481,0.04408,0.13828,0.20462,0.030217,0.064338,0.11281,0.072045,0.16478,0.17008,0.034886,0.053412,0.16427,0.036429,0.15606,0.062483,0.058814,0.12453,0.059079,0.024666,0.12948,0.10866,0.13213,0.11397,0.15124,0.13919,0.24151,0.19133,0.10492,0.24651,0.22032,0.069003,0.252,0.26999,0.12652,0.22264,0.3579,0.14964,0.082522,0.41971,0.16878,0.097135,0.06047,0.17311,0.091931,0.028089,0.039767,1
0.33575,0.31939,0.40775,0.28908,0.44166,0.10684,0.18851,0.27233,0.315,0.14004,0.36149,0.13557,0.15397,0.096345,0.22442,0.1712,0.25619,0.23933,0.1059,0.12339,0.091904,0.13431,0.27473,0.2605,0.14496,0.10106,0.069347,0.074488,0.30563,0.17552,0.063797,0.017191,0.10342,0.15077,0.069519,0.15384,0.034014,0.11376,0.067057,0.10075,0.097099,0.081106,0.11656,0.18506,0.077278,0.085247,0.097894,0.032883,0.12193,0.10448,0.040832,0.013206,0.089515,0.067271,0.076098,0.059673,0.079941,0.1422,0.095251,0.033246,0.20727,0.10273,0.036878,0.024456,0.13307,0.1194,0.094447,0.12407,0.21746,0.15199,0.21846,0.17573,0.20361,0.22916,0.13247,0.17606,1
0.30233,0.26066,0.33068,0.2106,0.46639,0.081731,0.37722,0.40436,0.22947,0.12726,0.18091,0.25018,0.26064,0.10007,0.17884,0.093465,0.13299,0.25338,0.1413,0.051741,0.16927,0.16239,0.10133,0.11941,0.11575,0.031478,0.15036,0.10495,0.057716,0.089223,0.15487,0.063031,0.1033,0.077803,0.11797,0.12981,0.13278,0.006869,0.032916,0.16438,0.12042,0.086175,0.065663,0.06343,0.037139,0.072262,0.15667,0.20293,0.12273,0.075049,0.2295,0.11217,0.041272,0.23014,0.12347,0.1703,0.1564,0.13298,0.19319,0.20603,0.1527,0.19349,0.26539,0.1398,0.18015,0.36817,0.14911,0.12692,0.4049,0.17496,0.15443,0.06182,0.20621,0.12174,0.03249,0.11433,1
0.026509,0.11378,0.34117,0.325,0.19055,0.16196,0.50092,0.26396,0.084823,0.23556,0.24492,0.13685,0.17736,0.22529,0.080164,0.065141,0.071253,0.14171,0.16893,0.23503,0.18198,0.019429,0.015429,0.11349,0.081168,0.13984,0.095277,0.045145,0.095269,0.16002,0.12037,0.061534,0.14413,0.064729,0.15212,0.099862,0.02965,0.039987,0.098374,0.15576,0.11893,0.073801,0.071687,0.085834,0.12187,0.071825,0.061106,0.11567,0.1401,0.14681,0.14375,0.077143,0.21048,0.09679,0.033274,0.059808,0.12543,0.11738,0.11705,0.13318,0.20508,0.13583,0.10858,0.13146,0.050037,0.13894,0.17283,0.070272,0.30199,0.16904,0.13134,0.11483,0.063369,0.28491,0.065147,0.1196,1
0.3146,0.29937,0.36158,0.20775,0.47205,0.060186,0.28558,0.35166,0.33519,0.12145,0.27238,0.21425,0.19572,0.019449,0.17366,0.05984,0.19594,0.34099,0.19193,0.10293,0.12171,0.057559,0.21758,0.28267,0.10061,0.024401,0.13299,0.05279,0.17957,0.026962,0.14612,0.087932,0.10333,0.078808,0.13873,0.13727,0.10194,0.071911,0.056428,0.16591,0.04573,0.095665,0.068388,0.043363,0.12987,0.029593,0.056991,0.20341,0.036462,0.048843,0.20327,0.19286,0.084657,0.18973,0.17338,0.051208,0.16427,0.17332,0.083474,0.15437,0.17683,0.087659,0.23455,0.16115,0.10257,0.29636,0.20043,0.10698,0.33709,0.2342,0.14482,0.096151,0.24448,0.15286,0.067336,0.14106,1
0.2245,0.13431,0.30433,0.12428,0.079304,0.092705,0.50348,0.16044,0.34214,0.064149,0.18101,0.071929,0.11159,0.30995,0.1222,0.1404,0.039025,0.13793,0.16012,0.13954,0.16787,0.028127,0.091577,0.028556,0.082455,0.15758,0.054457,0.079218,0.083948,0.081853,0.10175,0.038757,0.11469,0.071111,0.10188,0.08902,0.096128,0.078031,0.058108,0.14351,0.085882,0.10144,0.033691,0.045698,0.14875,0.098574,0.051482,0.058399,0.11919,0.10032,0.050421,0.030334,0.064208,0.044132,0.028892,0.075252,0.076374,0.072953,0.074317,0.063478,0.15155,0.079799,0.059093,0.095873,0.19631,0.1334,0.016396,0.062351,0.1026,0.11614,0.010861,0.12139,0.052768,0.26613,0.3148,0.097207,1
0.3079,0.31338,0.37708,0.28863,0.51417,0.095942,0.30852,0.33089,0.17065,0.17621,0.29669,0.18304,0.22992,0.15668,0.2024,0.040353,0.18018,0.27609,0.20466,0.18832,0.10484,0.030635,0.13869,0.247,0.025285,0.14343,0.11012,0.10326,0.1298,0.1549,0.017702,0.10475,0.18479,0.10255,0.10379,0.088634,0.059246,0.15752,0.14855,0.013196,0.073407,0.10064,0.11305,0.077621,0.14664,0.014416,0.23034,0.063608,0.074861,0.17081,0.15462,0.088053,0.11501,0.21875,0.12002,0.18358,0.24294,0.088544,0.22389,0.13743,0.094029,0.21192,0.24055,0.15252,0.20156,0.32987,0.13631,0.13408,0.40756,0.16029,0.13761,0.09309,0.1471,0.15793,0.093522,0.074028,1
0.29788,0.21139,0.32308,0.18868,0.472,0.054865,0.35542,0.43856,0.31374,0.10439,0.25189,0.24089,0.22912,0.012394,0.23739,0.082756,0.14681,0.28067,0.14564,0.15507,0.16699,0.1365,0.14025,0.14817,0.091511,0.068054,0.2084,0.051297,0.040392,0.10734,0.15967,0.12699,0.15278,0.049027,0.09286,0.20382,0.089528,0.10642,0.070314,0.19407,0.007068,0.18093,0.072583,0.00891,0.071948,0.080036,0.12693,0.19255,0.088534,0.13379,0.20678,0.092367,0.082824,0.22554,0.12731,0.050507,0.2131,0.15124,0.11934,0.1306,0.18862,0.15682,0.20546,0.080943,0.14236,0.30123,0.12619,0.13822,0.35499,0.18239,0.15148,0.11878,0.22346,0.14478,0.086798,0.13062,1
0.31665,0.2213,0.36701,0.26059,0.34823,0.1704,0.32264,0.38907,0.20664,0.068809,0.16447,0.18126,0.29771,0.17518,0.23017,0.088113,0.022874,0.15812,0.16497,0.035422,0.16681,0.15091,0.040117,0.092188,0.20675,0.064263,0.12049,0.15732,0.03789,0.02043,0.16797,0.12041,0.12221,0.087836,0.15733,0.026406,0.17154,0.10407,0.04337,0.062422,0.15824,0.063607,0.1299,0.039756,0.11073,0.057106,0.14722,0.087947,0.07238,0.1535,0.055961,0.11987,0.19618,0.034997,0.14208,0.10164,0.031566,0.18176,0.095885,0.067255,0.22648,0.073277,0.069797,0.12012,0.086484,0.15528,0.18477,0.13869,0.22498,0.23602,0.19383,0.10626,0.26249,0.21537,0.037016,0.12096,1
0.28926,0.28478,0.42811,0.22531,0.3853,0.14399,0.30311,0.37317,0.16068,0.065612,0.1824,0.15986,0.33797,0.17313,0.22787,0.056438,0.019691,0.20002,0.15189,0.03479,0.067547,0.18155,0.070732,0.076757,0.09161,0.11715,0.15024,0.12244,0.041665,0.078561,0.15392,0.10896,0.0671,0.024702,0.13545,0.074166,0.11128,0.000469,0.078857,0.026353,0.13783,0.046735,0.058239,0.074692,0.092201,0.12572,0.1411,0.094552,0.086149,0.1285,0.1057,0.18375,0.11039,0.096948,0.22585,0.07011,0.067307,0.26033,0.10644,0.082892,0.26728,0.13747,0.14844,0.046903,0.11716,0.21954,0.11264,0.13944,0.27276,0.21639,0.15164,0.12234,0.2472,0.17451,0.091024,0.13502,1
0.32653,0.32345,0.41021,0.21477,0.40334,0.14655,0.26233,0.34432,0.22121,0.076504,0.22475,0.20402,0.29961,0.11024,0.18815,0.02161,0.11521,0.26549,0.20076,0.06723,0.082202,0.12522,0.13381,0.2422,0.08414,0.12492,0.12903,0.14654,0.10303,0.096047,0.16402,0.089028,0.13156,0.11104,0.14515,0.059403,0.14267,0.050418,0.076129,0.019447,0.15858,0.020156,0.062244,0.10542,0.13303,0.087849,0.032836,0.072393,0.096281,0.018806,0.056939,0.16383,0.044314,0.082073,0.16037,0.15142,0.052314,0.18115,0.13899,0.12834,0.18187,0.13418,0.17787,0.13479,0.096058,0.23739,0.18984,0.10516,0.27724,0.23212,0.13875,0.13082,0.24717,0.1726,0.055475,0.20323,1
0.22174,0.34473,0.38867,0.24846,0.56218,0.080196,0.28027,0.18843,0.12129,0.27252,0.42364,0.12728,0.16441,0.065209,0.21272,0.30483,0.15755,0.22431,0.13424,0.26405,0.20243,0.20006,0.20595,0.19925,0.16131,0.28559,0.17248,0.068437,0.17051,0.084867,0.26354,0.10449,0.096798,0.10831,0.078261,0.22054,0.19904,0.12099,0.033989,0.025747,0.17754,0.21115,0.060961,0.10722,0.10739,0.14147,0.05589,0.070245,0.080952,0.12098,0.076126,0.038411,0.094066,0.11925,0.058994,0.078241,0.016838,0.12661,0.020759,0.11751,0.035776,0.12329,0.033835,0.069169,0.036698,0.12966,0.11812,0.13867,0.22111,0.16984,0.24402,0.19509,0.094015,0.32742,0.19814,0.11698,1
0.20077,0.13356,0.22145,0.093534,0.22689,0.16287,0.46662,0.34662,0.28158,0.16596,0.06525,0.1553,0.23571,0.2931,0.049862,0.073307,0.089099,0.14198,0.086846,0.059621,0.12697,0.068185,0.022465,0.069305,0.10623,0.088517,0.12195,0.049968,0.052635,0.10828,0.12077,0.072536,0.047173,0.12689,0.098228,0.1223,0.017588,0.082128,0.086151,0.14527,0.042114,0.040524,0.094559,0.066171,0.087604,0.078306,0.053751,0.093513,0.10758,0.04904,0.11155,0.082736,0.080481,0.092059,0.063965,0.10268,0.047539,0.13975,0.095218,0.0823,0.1353,0.10339,0.15255,0.12474,0.15199,0.19167,0.080263,0.076131,0.083019,0.17697,0.20408,0.18343,0.32656,0.30362,0.11607,0.18781,1
0.27439,0.2191,0.38257,0.21093,0.43269,0.079817,0.36457,0.42833,0.23794,0.1026,0.18593,0.20143,0.30419,0.090169,0.23507,0.061849,0.069021,0.26494,0.1043,0.050334,0.082018,0.222,0.099373,0.10113,0.060481,0.095313,0.14141,0.12654,0.10341,0.064684,0.12893,0.1189,0.0685,0.064082,0.079792,0.088868,0.15379,0.038531,0.079368,0.055344,0.1585,0.087256,0.039476,0.14405,0.033663,0.1435,0.071372,0.11346,0.12351,0.081616,0.13958,0.089368,0.083044,0.15818,0.1445,0.084208,0.11592,0.21017,0.03159,0.087266,0.24234,0.076914,0.15177,0.021465,0.11813,0.23536,0.10616,0.18317,0.31279,0.1816,0.18955,0.18026,0.2186,0.18263,0.10797,0.14707,1
0.14354,0.10196,0.4132,0.033309,0.19528,0.18519,0.49984,0.16928,0.21085,0.1143,0.27931,0.18405,0.070375,0.32435,0.096207,0.095213,0.11026,0.28182,0.10012,0.067271,0.053379,0.084843,0.081709,0.1415,0.14936,0.15874,0.087091,0.069337,0.13503,0.065916,0.11081,0.088458,0.088175,0.067986,0.070763,0.056577,0.089309,0.059761,0.056668,0.13535,0.069186,0.12882,0.086267,0.07879,0.14158,0.10175,0.073834,0.046961,0.075033,0.070354,0.025873,0.083664,0.10004,0.10858,0.11366,0.057548,0.13695,0.069416,0.10831,0.030821,0.10539,0.027093,0.078649,0.11969,0.16764,0.10943,0.10392,0.1372,0.21672,0.17074,0.095834,0.2346,0.054059,0.297,0.23342,0.10679,1
0.29995,0.2576,0.29016,0.20072,0.39624,0.10779,0.46145,0.42253,0.24533,0.046043,0.061738,0.25331,0.26857,0.16582,0.056973,0.17738,0.058554,0.1438,0.13602,0.15776,0.13464,0.13583,0.04341,0.033005,0.1523,0.096252,0.005792,0.062655,0.13951,0.087536,0.028425,0.059848,0.099107,0.043979,0.057746,0.057914,0.084154,0.043715,0.028929,0.050418,0.060303,0.086805,0.016456,0.068193,0.080655,0.14859,0.13855,0.012059,0.11032,0.15523,0.059435,0.051362,0.15639,0.10286,0.03271,0.11278,0.13333,0.028973,0.095229,0.27364,0.047589,0.084311,0.31217,0.17684,0.069784,0.3462,0.20638,0.093389,0.33662,0.23969,0.075456,0.065852,0.24597,0.10442,0.10964,0.115,1
0.32415,0.22395,0.41467,0.26841,0.33062,0.19149,0.27796,0.4041,0.20409,0.087482,0.11379,0.15289,0.28832,0.20599,0.14837,0.16365,0.020544,0.10899,0.11659,0.13535,0.13325,0.1593,0.064034,0.021132,0.17416,0.13872,0.085721,0.13339,0.050288,0.10015,0.15566,0.15208,0.051562,0.033558,0.1751,0.12032,0.14165,0.10113,0.046617,0.087432,0.18714,0.087068,0.065495,0.079829,0.15183,0.038843,0.094246,0.024084,0.060163,0.12229,0.05922,0.010585,0.16975,0.07659,0.03512,0.074359,0.11406,0.089682,0.050629,0.081006,0.12689,0.063354,0.11194,0.1378,0.069265,0.15549,0.18443,0.18008,0.20004,0.27115,0.18521,0.10872,0.2654,0.23754,0.021862,0.072765,1
0.29363,0.33581,0.41197,0.25775,0.52084,0.056576,0.27801,0.25333,0.23036,0.25823,0.36385,0.12207,0.18839,0.070814,0.24547,0.21363,0.18618,0.25502,0.067149,0.27392,0.13684,0.085811,0.21934,0.21446,0.18213,0.27176,0.010984,0.088374,0.21561,0.20063,0.21508,0.12964,0.11709,0.15765,0.22023,0.13467,0.12745,0.18624,0.10748,0.14176,0.23526,0.071201,0.11168,0.20007,0.12581,0.060029,0.046591,0.030902,0.060925,0.023159,0.05918,0.10836,0.075369,0.096755,0.087556,0.10688,0.1813,0.069696,0.081037,0.067134,0.087119,0.037875,0.085857,0.12883,0.11967,0.12413,0.15865,0.22211,0.30407,0.12685,0.25423,0.19036,0.12469,0.2509,0.17901,0.074966,1
0.27791,0.17513,0.33384,0.22211,0.2906,0.14463,0.26541,0.42608,0.38207,0.17854,0.20019,0.1932,0.21842,0.078849,0.080418,0.15505,0.082139,0.23328,0.26326,0.16642,0.028558,0.10458,0.10322,0.18596,0.068841,0.089526,0.06784,0.086968,0.15195,0.083674,0.02089,0.020854,0.10985,0.063348,0.05299,0.061287,0.061075,0.029943,0.085355,0.045109,0.005688,0.036439,0.07937,0.038379,0.080238,0.11169,0.067289,0.075152,0.066042,0.12149,0.13715,0.021151,0.13043,0.10513,0.087158,0.06219,0.12128,0.13938,0.080273,0.036798,0.11815,0.087218,0.069461,0.051852,0.17059,0.14373,0.071296,0.058001,0.063342,0.11454,0.094132,0.076217,0.28718,0.25519,0.13716,0.23636,1
0.12273,0.41921,0.36389,0.046843,0.35082,0.19679,0.3317,0.23569,0.37037,0.09779,0.28426,0.12074,0.16173,0.061124,0.21423,0.16391,0.0748,0.054295,0.075063,0.09263,0.19163,0.16255,0.038363,0.091198,0.15306,0.1458,0.097764,0.093434,0.042293,0.02606,0.12416,0.1785,0.079122,0.070756,0.074994,0.14385,0.099954,0.056422,0.035518,0.037586,0.080022,0.14863,0.11865,0.053226,0.06693,0.070935,0.071617,0.053241,0.057536,0.14181,0.13276,0.052553,0.063727,0.09525,0.077259,0.05386,0.031583,0.12942,0.16815,0.15068,0.045568,0.071604,0.10732,0.055028,0.10794,0.095805,0.20417,0.18207,0.033263,0.12781,0.28255,0.26193,0.3719,0.063535,0.10042,0.31204,1
0.35711,0.27433,0.29683,0.23088,0.45507,0.067009,0.32786,0.38382,0.35815,0.11361,0.28926,0.23355,0.21138,0.047689,0.21458,0.022285,0.20706,0.3437,0.16602,0.07912,0.11993,0.043102,0.22009,0.25825,0.062685,0.080645,0.1282,0.046757,0.15478,0.11071,0.062437,0.10781,0.1762,0.092201,0.040898,0.090069,0.08626,0.12924,0.16097,0.098741,0.058036,0.10341,0.076509,0.1109,0.012195,0.16024,0.031821,0.17939,0.15122,0.057395,0.18683,0.15275,0.060785,0.16345,0.16417,0.007601,0.12136,0.18441,0.043075,0.19038,0.1856,0.051998,0.23489,0.21549,0.078982,0.29996,0.21987,0.12797,0.32547,0.24495,0.13876,0.084274,0.22207,0.17742,0.007665,0.0731,1
